ID	intent	text	domain	label
3232343533343535	IN:SET_RSVP_INTERESTED	ลงแจ้งว่าฉันสนใจงานอีเว้นท์นี้	event	0
3232343533313735	IN:SET_RSVP_INTERESTED	ทำเครื่องหมายว่าฉันสนใจ Digital Urbanisms Conference	event	0
3232343532373730	IN:SET_RSVP_INTERESTED	สนใจจะไปงานกิจกรรมแรก	event	0
3232343532363533	IN:SET_RSVP_INTERESTED	สนใจไปดู Two Door Cinema Club	event	0
3232323232313435	IN:SET_RSVP_INTERESTED	เปลี่ยนสถานะของฉันเป็นสนใจในงานกิจกรรมที่สอง	event	0
3232323232313431	IN:SET_RSVP_INTERESTED	เปลี่ยนสถานะของฉันว่าสนใจในงานกิจกรรมที่สาม	event	0
3232343533373130	IN:SET_RSVP_INTERESTED	ตอบว่า อาจจะ สำหรับงานที่สี่	event	0
3232343533353036	IN:SET_RSVP_INTERESTED	ตอบกลับว่าอาจจะ สำหรับกิจกรรมนั้น	event	0
3231323235313631	IN:GET_REMINDER_AMOUNT	ฉันมีการแจ้งเตือนเกี่ยวกับเอเจกี่อัน	reminder	2
3231323234343632	IN:GET_REMINDER_AMOUNT	สัปดาห์นี้ฉันมีเตือนความจำกี่รายการ	reminder	2
3232323230333234	IN:PLAY_MEDIA	ค้นหารีแอนนา	music	3
3232323230333036	IN:PLAY_MEDIA	ค้นหาจุดเริ่มต้นของความสุข	music	3
3232323230313733	IN:PLAY_MEDIA	หา 21 Savage ให้ฉัน	music	3
3231323331383338	IN:GET_REMINDER_DATE_TIME	ฉันควรจะได้เห็นเตือนความจำเกี่ยวกับการประชุมชมรมวิทยาศาสตร์ของพี่ชายน้องชายของฉันเมื่อไหร่	reminder	4
3231323239363637	IN:GET_REMINDER_DATE_TIME	การแจ้งเตือนคอนเสิร์ตเมื่อไร	reminder	4
3231323234393233	IN:GET_REMINDER_DATE_TIME	การแจ้งเตือนให้ไปเก็บแอปเปิลของฉันคือเมื่อไหร่	reminder	4
3231323331393837	IN:GET_REMINDER_DATE_TIME	การแจ้งเตือนการซ่อมรถบรรทุกของฉันคือเมื่อไร	reminder	4
3231323330373435	IN:GET_REMINDER_DATE_TIME	การเตือนความจำของฉันเพื่อดื่มกาแฟกับอเล็กซ์คือเมื่อไหร่	reminder	4
3231323237353738	IN:GET_REMINDER_DATE_TIME	ให้ฉันดูว่าตั้งเวลาแจ้งเตือนสำหรับการประชุมงานไว้เมื่อไหร่	reminder	4
3231323333393539	IN:GET_REMINDER_DATE_TIME	การเตือนความจำเกี่ยวกับกลุ่มรอตต์ไวเลอร์ครั้งต่อไปของฉันคือเมื่อไหร่	reminder	4
3138393933373038	IN:GET_EMPLOYMENT_TIME	Marani ทำงานที่ Toys R Us นานเท่าไร	people	5
3138393933303438	IN:GET_EMPLOYMENT_TIME	Mark เริ่มทำงานที่ Home Depot ตั้งแต่เมื่อไร	people	5
3138393932343136	IN:GET_EMPLOYMENT_TIME	Sarah ทำงานให้กับ Allstate มานานเท่าไหร่แล้ว	people	5
3138393932303633	IN:GET_EMPLOYMENT_TIME	Kevin เริ่มทำงานกับ Amazon มานานเท่าไรแล้ว	people	5
3138393931313134	IN:GET_EMPLOYMENT_TIME	อบิเกลเป็นพยาบาลมานานเท่าไหร่แล้ว	people	5
3138393930383937	IN:GET_EMPLOYMENT_TIME	ซีซาร์เลิกเป็นสถาปนิกเมื่อไหร่	people	5
3138393931393930	IN:GET_EMPLOYMENT_TIME	เรเชลพักอยู่ที่ฮิลตันนานเท่าไรแล้ว	people	5
3138393932373930	IN:GET_EMPLOYMENT_TIME	ซินดี้ทำงานปัจจุบันมานานแค่ไหนแล้ว	people	5
3138393931333731	IN:GET_EMPLOYMENT_TIME	Tonya ทำงานกับ Google มานานเท่าไหร่แล้ว?	people	5
3138393933333534	IN:GET_EMPLOYMENT_TIME	Bob ทำงานที่ Fox มานานเท่าใดแล้ว	people	5
39353238343336	IN:LOOP_MUSIC	เล่น Despacito ซ้ำ	music	6
39353134383530	IN:LOOP_MUSIC	เปิดเพลงนี้ซ้ำไปจนกว่าฉันจะบอกให้คุณหยุด	music	6
39353831313535	IN:SKIP_TRACK_MUSIC	ช่วยข้ามเพลงนี้ให้หน่อย	music	8
39353735313235	IN:SKIP_TRACK_MUSIC	ข้ามเพลง	music	8
39353639383438	IN:SKIP_TRACK_MUSIC	ข้ามเพลงลูกทุ่งทั้งหมด	music	8
39353039323932	IN:SKIP_TRACK_MUSIC	ข้ามไปข้างหน้าสองเพลง	music	8
39353030353136	IN:SKIP_TRACK_MUSIC	เปลี่ยนเป็นเพลงถัดไป	music	8
39343635383038	IN:SKIP_TRACK_MUSIC	ข้ามไปยังศิลปินถัดไป	music	8
3132353732393233	IN:SKIP_TRACK_MUSIC	เล่นเพลงอื่น	music	8
3132363036343134	IN:SKIP_TRACK_MUSIC	ข้าม	music	8
3132363139313739	IN:LIKE_MUSIC	เพิ่มเพลงนี้ในรายการโปรดให้ฉัน	music	9
3132353839323239	IN:LIKE_MUSIC	ยกนิ้วให้	music	9
39343837303136	IN:LIKE_MUSIC	ยกนิ้วให้เพลงนี้	music	9
39353636373430	IN:LIKE_MUSIC	ฉันชอบเพลงนี้!	music	9
3132363130353134	IN:LIKE_MUSIC	ถูกใจสิ่งนี้	music	9
3139393237343833	IN:GET_TRACK_INFO_MUSIC	เพลงที่เล่นบน iHeartRadio ตอนนี้คือเพลงอะไร	music	10
3132363231303136	IN:GET_TRACK_INFO_MUSIC	เพลงนี้ชื่อว่าอะไร	music	10
3132363138393634	IN:GET_TRACK_INFO_MUSIC	ศิลปินนี้ชื่ออะไร	music	10
3132363036323038	IN:GET_TRACK_INFO_MUSIC	ศิลปินคือใคร	music	10
3132353932383338	IN:GET_TRACK_INFO_MUSIC	นี่เพลงใหม่หรือเปล่า	music	10
3132353839343738	IN:GET_TRACK_INFO_MUSIC	ใครคือศิลปินในอัลบั้มนี้	music	10
39353639303334	IN:GET_TRACK_INFO_MUSIC	อัลบั้มนี้คืออัลบั้มอะไร	music	10
39353331353733	IN:GET_TRACK_INFO_MUSIC	เพลงอะไรจะเล่นเป็นเพลงถัดไป	music	10
39353330373833	IN:GET_TRACK_INFO_MUSIC	บอกชื่อเพลงนี้	music	10
39353238373137	IN:GET_TRACK_INFO_MUSIC	ศิลปินที่ร้องเพลงนี้คือใคร	music	10
39343839393133	IN:GET_TRACK_INFO_MUSIC	ตอนนี้กำลังเล่นเพลงของใครอยู่	music	10
39343837313035	IN:GET_TRACK_INFO_MUSIC	เพลงที่จะซื้อนี้มีราคาเท่าไหร่	music	10
39343638353130	IN:GET_TRACK_INFO_MUSIC	นี่ใช่ Enya หรือเปล่า	music	10
39343636303530	IN:GET_TRACK_INFO_MUSIC	เพลงปัจจุบันนานแค่ไหน	music	10
39353739343432	IN:GET_TRACK_INFO_MUSIC	เพลงนี้มีชื่อว่าอะไร	music	10
39353830303236	IN:GET_TRACK_INFO_MUSIC	เพลงนี้ชื่ออะไร?	music	10
39353739333334	IN:GET_TRACK_INFO_MUSIC	ใครคือศิลปินของเพลงนี้	music	10
3231323431393134	IN:CREATE_REMINDER	เตือนฉันให้ซื้อนมระหว่างทางกลับบ้าน	reminder	11
3231323431363636	IN:CREATE_REMINDER	เตือนให้ฉันโทรหาแม่คืนนี้เวลา 17.00 น.	reminder	11
3231323431353230	IN:CREATE_REMINDER	เตือนให้ฉันโทรหา Tim หลังเลิกงานพรุ่งนี้เวลา 18.00 น.	reminder	11
3231323431343337	IN:CREATE_REMINDER	เตือนให้ฉันทิ้งขยะเมื่อถึงบ้าน	reminder	11
3231323431343134	IN:CREATE_REMINDER	เตือนให้ฉันโทรหาแม่	reminder	11
3231323431303939	IN:CREATE_REMINDER	เตือนฉันตอนหกโมงเย็นให้โทรหา Victor	reminder	11
3231323430383536	IN:CREATE_REMINDER	เตือนให้ฉันแวะซื้อขนมปังระหว่างทางกลับบ้านด้วย	reminder	11
3231323430383035	IN:CREATE_REMINDER	เตือนฉันเกี่ยวกับคลาสปั่นจักรยานพรุ่งนี้	reminder	11
3231323430373538	IN:CREATE_REMINDER	เตือนให้ซื้อนมคืนนี้	reminder	11
3231323430363732	IN:CREATE_REMINDER	เตือนให้ฉันไปรับดอกไม้สำหรับวันครบรอบของพ่อแแม่ของฉัน	reminder	11
3231323430343835	IN:CREATE_REMINDER	ตั้งการแจ้งเตือนสำหรับวันอาทิตย์	reminder	11
3231323430323335	IN:CREATE_REMINDER	ตั้งเตือนความจำเรื่องการออดิชั่นของ Anna	reminder	11
3231323339393336	IN:CREATE_REMINDER	เตือนให้ฉันทำอาหารตอน 17.00 น.	reminder	11
3231323339373534	IN:CREATE_REMINDER	เตือนฉันเกี่ยวกับวันเกิดของ Tony ในสัปดาห์หน้า	reminder	11
3231323339353339	IN:CREATE_REMINDER	เตือนฉันว่าฉันมีงานพรุ่งนี้	reminder	11
3231323339323834	IN:CREATE_REMINDER	ตั้งเตือนความจำสำหรับเวลา 14.00 น.	reminder	11
3231323339303837	IN:CREATE_REMINDER	ตั้งการแจ้งเตือน 2 อันสำหรับอันนั้น อันหนึ่งตอนเช้า และอันหนึ่งตอนเย็น	reminder	11
3231323338383734	IN:CREATE_REMINDER	เตือนฉันในวันพฤหัสบดีให้เริ่มลดน้ำหนัก	reminder	11
3231323338383337	IN:CREATE_REMINDER	เตือนฉันให้ซื้อกระดาษก็อปปี้เพิ่ม	reminder	11
3231323338373137	IN:CREATE_REMINDER	เตือนให้ไปพบหมอตาในวันพฤหัสบดี	reminder	11
3231323338363638	IN:CREATE_REMINDER	ตั้งการแจ้งเตือนให้พาสุนัขไปเดินเล่นตอน 6 โมงเย็น	reminder	11
3231323338353536	IN:CREATE_REMINDER	เตือนฉันให้ซื้อของขวัญวันพรุ่งนี้	reminder	11
3231323338353337	IN:CREATE_REMINDER	เตือนให้ฉันซื้อนมในวันเสาร์	reminder	11
3231323338333135	IN:CREATE_REMINDER	เตือนฉันให้ซื้อแก๊สพรุ่งนี้เช้า	reminder	11
3231323338333039	IN:CREATE_REMINDER	ช่วยเตือนฉันว่ามีนัดกับหมอของฉันตอนบ่ายด้วยนะ	reminder	11
3231323337393831	IN:CREATE_REMINDER	เตือนให้ฉันซื้อยาสีฟันตอนบ่ายนี้ด้วย	reminder	11
3231323337383732	IN:CREATE_REMINDER	เตือนฉันให้ส่งอีเมลหาหมอของฉันก่อนพรุ่งนี้	reminder	11
3231323337383730	IN:CREATE_REMINDER	เตือนฉันเกี่ยวกับนัดทำผม	reminder	11
3231323337373337	IN:CREATE_REMINDER	เตือนฉันเกี่ยวกับการนัดหมอจัดฟันในเดือนหน้า	reminder	11
3231323337343031	IN:CREATE_REMINDER	เตือนให้ฉันสระผมในอีกหกนาที	reminder	11
3231323336373634	IN:CREATE_REMINDER	เตือนให้ฉันให้ยาลูกหมาด้วย	reminder	11
3231323336343031	IN:CREATE_REMINDER	ตั้งเตือนความจำสำหรับวันพรุ่งนี้เพื่อเปลี่ยนแผน	reminder	11
3231323336333338	IN:CREATE_REMINDER	เตือนฉันเรื่องการนัดหมอในวันจันทร์ 8.30 น.	reminder	11
3231323336313233	IN:CREATE_REMINDER	เตือนความจำ - ซื้อน้ำหมึกสำหรับเครื่องพิมพ์	reminder	11
3231323336303634	IN:CREATE_REMINDER	เตือนฉันให้ยกเลิกการสมัครรับนิตยสาร	reminder	11
3231323335373338	IN:CREATE_REMINDER	เตือนให้ฉันจ่ายค่าเคเบิลในวันที่ 15	reminder	11
3231323335373236	IN:CREATE_REMINDER	ตั้งเตือนความจำให้พาหมาไปเดินเล่น	reminder	11
3231323335363938	IN:CREATE_REMINDER	เตือนฉันว่า Stranger Things ซีซั่น 2 เริ่มสุดสัปดาห์นี้	reminder	11
3231323335363931	IN:CREATE_REMINDER	เตือนให้ฉันซื้อเครื่องใช้สำนักงาน	reminder	11
3231323335343230	IN:CREATE_REMINDER	เตือนฉันให้ซื้ออาหารสัตว์	reminder	11
3231323335333433	IN:CREATE_REMINDER	เตือนให้ฉันเช็คอินเที่ยวบินเวลา 18.00 น. คืนนี้	reminder	11
3231323335323732	IN:CREATE_REMINDER	เตือนให้ฉันนัดสัตวแพทย์ในอาทิตย์นี้	reminder	11
3231323335313634	IN:CREATE_REMINDER	เตือนฉันว่าฉันมีนัดหมอฟัน	reminder	11
3231323335303730	IN:CREATE_REMINDER	เตือนฉันให้ไปเอาอาหารสุนัข, กระดูกแทะเล่น และพิซซ่าตอน 4 โมงเย็นวันนี้	reminder	11
3231323335303633	IN:CREATE_REMINDER	ส่งเตือนความจำถึงทีมงานเกี่ยวกับการประชุมตอน 17.00 น.	reminder	11
3231323334353435	IN:CREATE_REMINDER	สร้างเตือนความจำสำหรับการทานมื้อเย็นกับ Janice ในคืนวันอังคาร	reminder	11
3231323332373236	IN:CREATE_REMINDER	เตือนให้ฉันกำหนดเวลานัดหมายกับหมอ Jones เมื่อไรก็ได้ในสัปดาห์หน้า	reminder	11
3231323332353034	IN:CREATE_REMINDER	เตือนให้ฉันซื้อกาแฟหลังเลิกงาน	reminder	11
3231323332313235	IN:CREATE_REMINDER	เตือนฉันให้ส่งข้อมูลบัญชีธนาคารของฉันให้แมรี่ ดุคก่อนสุดสัปดาห์นี้	reminder	11
3231323332313131	IN:CREATE_REMINDER	สร้างการแจ้งเตือนให้นำขยะไปทิ้ง	reminder	11
3231323331393434	IN:CREATE_REMINDER	เตือนให้ฉันเอารองเท้าอีกคู่ไปเผื่อตอนไปที่แม่น้ำ	reminder	11
3231323330383035	IN:CREATE_REMINDER	เตือนให้ฉันตรวจสอบการลงทะเบียนเด็กแรกเกิดกับ Target เพื่อรับของขวัญสำหรับลูกของ Cassie และ Jake ในวันพรุ่งนี้	reminder	11
3231323330323530	IN:CREATE_REMINDER	เตือนฉันให้ส่งการ์ดขอบคุณไปทางอีเมลในวันจันทร์เวลา 8.00 น.	reminder	11
3231323239323038	IN:CREATE_REMINDER	เตือนฉันเกี่ยวกับคอนเสิร์ตที่จะจัดในเดือนหน้า	reminder	11
3231323238363831	IN:CREATE_REMINDER	เตือนให้ฉันส่งอีเมลในอีก 15 นาที	reminder	11
3231323237333036	IN:CREATE_REMINDER	เตือนฉันให้กวาดบันไดสำหรับสุดสัปดาห์นี้	reminder	11
3231323237313134	IN:CREATE_REMINDER	เตือนฉันล่วงหน้า 4 วัน ว่าฉันควรนำของว่างไปที่ฟัน ลันช์ในเดือนหน้า	reminder	11
3231323234353538	IN:CREATE_REMINDER	เตือนฉันหน่อยว่าทุกอย่างนั้นสวยงาม	reminder	11
3231323232363437	IN:CREATE_REMINDER	ตั้งเตือนความจำให้เอาเครื่องเคียงไปงานวันเกิด Peter	reminder	11
3231323232353230	IN:CREATE_REMINDER	ตั้งเตือนความจำสำหรับวันเกิดของ John	reminder	11
3231323232313533	IN:CREATE_REMINDER	เตือนฉันด้วยนะว่าฉันไม่มีเหลือเงินให้เที่ยวแล้ว	reminder	11
3231313536303337	IN:CREATE_REMINDER	เตือนให้ฉันตอบอีเมล John คืนนี้เวลา 19.00 น.	reminder	11
3231313535373535	IN:CREATE_REMINDER	ตั้งการแจ้งเตือนให้ไปรับเมล็ดพันธุ์ตอน 10 โมง วันพฤหัสบดี	reminder	11
3231313535343438	IN:CREATE_REMINDER	เตือนฉันให้ยกเลิกนัดเกี่ยวกับตาและจัดตารางนัดใหม่	reminder	11
3231313535313636	IN:CREATE_REMINDER	เตือนฉันให้ส่งเมลหา Appen เรื่องชั่วโมง	reminder	11
3231313535313633	IN:CREATE_REMINDER	เตือนให้ฉันโทรหาหมอฟัน	reminder	11
3231313535303734	IN:CREATE_REMINDER	เตือนให้ฉันเปลี่ยนแผ่นกรองเครื่องปรับอากาศในเดือนเมษายน	reminder	11
3231313534393138	IN:CREATE_REMINDER	เตือน Brady และ Jackson ว่าเราต้องออกเดินทางตอน 3.00 น. เตือนพวกเขาก่อนเดินทางหนึ่งชั่วโมง	reminder	11
3231313534333737	IN:CREATE_REMINDER	ตั้งค่าเตือนความจำให้วิดีโอแชทกับสามีของฉันคืนนี้เวลา 22.00 น.	reminder	11
3231313534333434	IN:CREATE_REMINDER	เตือนฉันเรื่องกำหนดการคอนเสิร์ตด้วย	reminder	11
3231313534323732	IN:CREATE_REMINDER	ช่วยเตือนให้ฉันส่งสเปรดชีตเวลา 17.00 น. วันนี้ได้ไหม	reminder	11
3231313534313533	IN:CREATE_REMINDER	เตือนฉันให้ซื้อกระเทียมวันนี้ตอน 5 โมงเย็น	reminder	11
3231313533373730	IN:CREATE_REMINDER	เตือนฉันเกี่ยวกับการประชุมในวันจันทร์	reminder	11
3231313533353533	IN:CREATE_REMINDER	เตือนฉันให้ค้นหา iPod ทั้งหมดก่อนนอน จะได้ชาร์จเอาไว้ใช้ในวันถัดไป	reminder	11
3231313533303531	IN:CREATE_REMINDER	ฉันไม่อยากตกรถเมล์ตอนบ่าย 3 โมง คุณช่วยส่งการแก้ไขล่วงหน้า 15 นาทีได้มั้ย	reminder	11
3231313532373632	IN:CREATE_REMINDER	เตือนฉันให้ไปรับแบตเตอรี่วันนี้	reminder	11
3231313532343835	IN:CREATE_REMINDER	เตือนให้ฉันเข้าคลาสโยคะวันศุกร์เวลา 15.00 น.	reminder	11
3231313532343736	IN:CREATE_REMINDER	ตั้งการแจ้งเตือนว่าออดิชั่นของดอนน่าคือวันศุกร์หน้าตอนบ่าย 3 โมง	reminder	11
3231313532333331	IN:CREATE_REMINDER	สร้างเตือนความจำเรื่องมีนัดกับหมอฟันของฉันเวลา 13.00 น. พรุ่งนี้	reminder	11
3231313531373331	IN:CREATE_REMINDER	เตือนให้ฉันส่งบัตรอวยพรวันเกิดของ Tommy ในวันพรุ่งนี้	reminder	11
3231313531363733	IN:CREATE_REMINDER	ตั้งเตือนความจำว่าจะส่งของขวัญจาก Edible Arrangements ให้ Sammie กับ Wiff ในวันที่ 4 สิงหาคม เวลา 8.00 น.	reminder	11
3231313531363532	IN:CREATE_REMINDER	เตือนฉันให้ตอบรับคำเชิญบน Facebook ของจอห์นเกี่ยวกับการเข้าร่วมงานวันเกิดพี่สาวของเขาในวันเสาร์ ภายในวันพฤหัสบดี ตอนเที่ยง	reminder	11
3231313531333437	IN:CREATE_REMINDER	เตือนฉันให้ซื้อนมและไข่พรุ่งนี้	reminder	11
3231313531303332	IN:CREATE_REMINDER	เตือนฉันให้ทำรายการช้อปปิ้งต้อนรับเปิดเทอม	reminder	11
3231313531303238	IN:CREATE_REMINDER	เตือนให้ฉันไปซื้ออาหารจีนวันนี้	reminder	11
3231313530383434	IN:CREATE_REMINDER	เตือนให้ฉันโทรหาแม่ของฉันคืนนี้เวลา 20.00 น.	reminder	11
3231313439393836	IN:CREATE_REMINDER	เตือนให้ฉันซื้อพิซซ่าและโค้กสำหรับมื้อเย็น	reminder	11
3231313439333937	IN:CREATE_REMINDER	เตือนให้ฉันไปรับผ้าจากร้านซักแห้ง	reminder	11
3231313439323431	IN:CREATE_REMINDER	ตั้งเตือนความจำให้โทรหาสามีของฉันแล้วเตือนเขาเรื่องการจองของเรา	reminder	11
3231313438333632	IN:CREATE_REMINDER	เตือนฉันให้ซื้อวิปครีมระหว่างทางกลับบ้าน	reminder	11
3231313438313730	IN:CREATE_REMINDER	เตือนให้ฉันกินยาตอน 00.00 น. วันนี้	reminder	11
3231313437393431	IN:CREATE_REMINDER	เตือนฉันให้ไปรับรถจาก Stan ในวันพฤหัสบดี เวลา 7.15 น.	reminder	11
3231313437383630	IN:CREATE_REMINDER	เตือนฉันให้โทรหาแม่ของฉันในวันอาทิตย์ ตอน 10 โมงเช้า	reminder	11
3231313437323133	IN:CREATE_REMINDER	เตือนฉันให้ค้นหาราคาตั๋วบรอดเวย์สำหรับ Cats ภายในวันนี้	reminder	11
3231313437303831	IN:CREATE_REMINDER	ตั้งการแจ้งเตือนสำหรับนัดหมอฟันของไมค์วันอังคารนี้	reminder	11
3231313436353832	IN:CREATE_REMINDER	ช่วยเตือนให้ฉันโทรหาร้านเบเกอรี่และสั่งเค้กได้ไหม	reminder	11
3231313436343439	IN:CREATE_REMINDER	เตือนฉันในวันพฤหัสบดีเวลา 14.00 น. ว่าให้เตือนสามีของฉันเกี่ยวกับการประชุมสมาคมเวลา 19.00 น.	reminder	11
3231313436333437	IN:CREATE_REMINDER	เตือนให้ฉันบอก Josh ให้โทรหาบริษัทพลังงานในวันพฤหัสบดีก่อน 15.00 น.	reminder	11
3231313435383639	IN:CREATE_REMINDER	เตือนฉันให้จัดรองเท้า, แว่นกันแดด และหมวกสำหรับสัปดาห์หน้า	reminder	11
3231313435323136	IN:CREATE_REMINDER	เตือนฉันเกี่ยวกับการนัดหมอพรุ่งนี้ 9.00 น.	reminder	11
3231313435313832	IN:CREATE_REMINDER	เตือนฉันให้ออกกำลังกายตอนเที่ยงพรุ่งนี้	reminder	11
3231313435303730	IN:CREATE_REMINDER	เตือนฉันให้โทรหาพ่อของฉันตอน 2 ทุ่ม	reminder	11
3231313434373037	IN:CREATE_REMINDER	เตือนให้ฉันจ่ายค่าเคเบิลในวันที่ 16 สิงหาคม 2561 เวลา 17.00 น.	reminder	11
3231313433363434	IN:CREATE_REMINDER	เตือนวงเกี่ยวกับการซ้อมเวลา 18.00 น. วันจันทร์	reminder	11
3231313433333934	IN:CREATE_REMINDER	เตือนฉันให้ส่งแพ็คเกจการดูแลของดีนในวันที่ 20	reminder	11
3231343030383632	IN:CREATE_REMINDER	ช่วยเตือนฉันว่าฉันต้องต้ม Rutabaga	reminder	11
3231323431383730	IN:CREATE_REMINDER	เตือนให้ฉันไปหาจักษุแพทย์พรุ่งนี้ ตอนบ่ายโมง	reminder	11
3231323431343638	IN:CREATE_REMINDER	แจ้งเตือนฉันให้เข้าร่วมการพูดคุยในวันนี้ ตอน 9 โมงเช้า	reminder	11
3231323430313036	IN:CREATE_REMINDER	เตือนให้ฉันยกเลิกการนัด	reminder	11
3231323339343530	IN:CREATE_REMINDER	เตือนฉันให้ฉันซื้ออาหารแมวในวันพรุ่งนี้	reminder	11
3231323339343134	IN:CREATE_REMINDER	เตือนฉันหนึ่งวันก่อนวันเกิด alekss	reminder	11
3231323337383539	IN:CREATE_REMINDER	เตือนฉันให้ไปคืน DVD	reminder	11
3231323335353137	IN:CREATE_REMINDER	เตือนฉันให้พาเด็กๆ ไปซื้อของเตรียมตัวไปโรงเรียน	reminder	11
3231323335313536	IN:CREATE_REMINDER	ตั้งการแจ้งเตือนให้ลงชั่วโมงของฉัน	reminder	11
3231323333383631	IN:CREATE_REMINDER	ช่วยเตือนแจ็กสันให้ออกมาตอน 4 โมงพรุ่งนี้ และแจ้งเตือนเขาก่อนครึ่งชั่วโมงด้วย	reminder	11
3231323332373634	IN:CREATE_REMINDER	เตือนฉันให้ซื้อของขวัญสำหรับงานปาร์ตี้ของเชอริล	reminder	11
3231323331333037	IN:CREATE_REMINDER	ช่วยเตือนฉันตอนสองทุ่มว่า ฉันต้องเอากระเป๋าเอกสารออกไปด้วยพรุ่งนี้	reminder	11
3231323330313734	IN:CREATE_REMINDER	ตั้งการแจ้งเตือนให้คืนหนังที่เช่ามา	reminder	11
3231323330313134	IN:CREATE_REMINDER	สร้างการแจ้งเตือน การจ่ายค่าบัตรเครดิตสัปดาห์หน้า	reminder	11
3231323237373830	IN:CREATE_REMINDER	เตือนให้ฉัน ส่งคืนจดหมายในวันพรุ่งนี้เช้า	reminder	11
3231323236333939	IN:CREATE_REMINDER	ตั้งการแจ้งเตือนให้ฉันจองรถเช่าสำหรับวันหยุดภายในอาทิตย์นี้	reminder	11
3231323234353031	IN:CREATE_REMINDER	แจ้งเตือนฉันเกี่ยวกับการประชุมในวันจันทร์ ตอนตี 5	reminder	11
3231313535383337	IN:CREATE_REMINDER	เตือนให้ฉันนำข้อมูลการฝากเงินของฉันไปด้วยก่อนออกจากบ้าน	reminder	11
3231313535313333	IN:CREATE_REMINDER	ตั้งเตือนความจำในปฏิทินว่า ค่ายวง Connor เริ่มตั้งแต่วันที่ 8 สิงหาคม เวลา 9.00 น.	reminder	11
3231313533323135	IN:CREATE_REMINDER	เตือนให้ฉันส่งรายงานการวิจัยภายใน 2 ทุ่ม	reminder	11
3231313532323035	IN:CREATE_REMINDER	แจ้งเตือนให้ เดอะ สตรีท ครูว์ ดาวน์โหลดใบปลิวใหม่สำหรับทัวร์ฤดูร้อนปีนี้	reminder	11
3231313531393532	IN:CREATE_REMINDER	ช่วยเตือนฉันให้โทรหาแคซ หลังมื้อเย็นได้มั้ย	reminder	11
3231313531313231	IN:CREATE_REMINDER	อาหารเย็นจะพร้อมตอน 6 โมงครึ่ง เตือนฉันเวลา 6 โมงเย็น เพื่อเริ่มหุงข้าว	reminder	11
3231313531313136	IN:CREATE_REMINDER	เตือนให้ฉันเก็บหนังสือเดินทางในกระเป๋าตังค์	reminder	11
3231313530393038	IN:CREATE_REMINDER	เตือนฉันให้เอาน้ำมาสองขวด	reminder	11
3231313436393133	IN:CREATE_REMINDER	เตือนบิลว่า ฉันรักเขา วันนี้ ตอน 4 โมงเย็น	reminder	11
3231313436333038	IN:CREATE_REMINDER	เตือนให้ฉันซื้อเตาปิ้งย่างสำหรับทำนอกบ้าน ในวันที่ 28 สิงหาคม	reminder	11
3231313433383839	IN:CREATE_REMINDER	เตือนฉันให้ไปรับผ้าซักแห้งของพีทในวันพุธ	reminder	11
3231343030373035	IN:CREATE_REMINDER	เตือนฉันในวันเสาร์	reminder	11
3231343030353730	IN:CREATE_REMINDER	แจ้งเตือนฉันให้ฉันเอาขยะไปทิ้ง	reminder	11
3231343030323134	IN:CREATE_REMINDER	ตั้งการแจ้งเตือนว่าเที่ยวบินของภรรยาผมจะมาถึงตอนบ่าย	reminder	11
3231333932363032	IN:CREATE_REMINDER	ฉันพูดว่าตั้งเตือนเวลาเพื่อจัดของสำหรับ Afest	reminder	11
3231323432333539	IN:CREATE_REMINDER	ตั้งการเตือนเพื่อทำการโทรออก	reminder	11
3231323432333132	IN:CREATE_REMINDER	เตือนฉันให้โทรเรียกช่างประปาบ่ายนี้	reminder	11
3231323431393737	IN:CREATE_REMINDER	สร้างการเตือนให้โทรหาแม่ในเวลา 19:00 น.	reminder	11
3231323431353237	IN:CREATE_REMINDER	เตือนให้ฉันโทรหาแม่ในคืนนี้	reminder	11
3231323431313032	IN:CREATE_REMINDER	เตือนฉันให้โทรหาที่ทำงานภายใน 1 ชั่วโมง	reminder	11
3231323431303433	IN:CREATE_REMINDER	ตั้งการแจ้งเตือนให้โทรหาแม่คืนนี้	reminder	11
3231323430393233	IN:CREATE_REMINDER	เตือนความจำเรื่องการคัดเลือกนักแสดงวันที่ 9 กันยายน	reminder	11
3231323430383238	IN:CREATE_REMINDER	เตือนฉันให้ซักผ้าปูที่นอนคืนนี้	reminder	11
3231323430363430	IN:CREATE_REMINDER	เตือนให้ฉันหาของขวัญวันเกิดก่อนวันเกิด John	reminder	11
3231323430333038	IN:CREATE_REMINDER	เตือนฉันให้เอาเค้กออกในอีก 21 นาที	reminder	11
3231323339393338	IN:CREATE_REMINDER	เตือนฉันให้เพิ่มการทำฟันของเดเวียน	reminder	11
3231323339363932	IN:CREATE_REMINDER	เตือนฉันเกี่ยวกับอาหารเย็นตอนค่ำวันพรุ่งนี้สองทุ่ม	reminder	11
3231323339353232	IN:CREATE_REMINDER	เตือนฉันว่ามีนัดที่เวลาบ่าย 3 โมง	reminder	11
3231323339333536	IN:CREATE_REMINDER	เตือนให้ฉันแต่งตัวแบบสบาย ๆ เพื่อไปทำงานพรุ่งนี้เช้า	reminder	11
3231323339333438	IN:CREATE_REMINDER	เตือนฉันให้ออกกำลังกายตอนเที่ยง	reminder	11
3231323339313036	IN:CREATE_REMINDER	ตั้งการเตือนที่เวลา 10 น.	reminder	11
3231323338393131	IN:CREATE_REMINDER	เตือนฉันให้ข้าวสุนัขวันนี้	reminder	11
3231323338383839	IN:CREATE_REMINDER	การแจ้งเตือนเกมออฟโทรน	reminder	11
3231323338373435	IN:CREATE_REMINDER	เตือนฉันเรื่องสิ่งที่ฉันวางแผนไว้ในสัปดาห์นี้	reminder	11
3231323338353230	IN:CREATE_REMINDER	ช่วยเตือนฉันให้เตรียมเสื้อผ้าของเด็กคืนนี้ได้ไหม	reminder	11
3231323338343936	IN:CREATE_REMINDER	สร้างการแจ้งเตือนให้ไปซื้อเนยให้เร็วที่สุดเท่าที่จะทำได้	reminder	11
3231323338343234	IN:CREATE_REMINDER	เตือนให้ฉันสร้างรายการซื้อของ	reminder	11
3231323337373539	IN:CREATE_REMINDER	เตือนให้ฉันออกกำลังกายในวันพฤหัสบดี	reminder	11
3231323337373435	IN:CREATE_REMINDER	เตือนให้ฉันโทรหาทนายของฉันในวันศุกร์เวลาบ่าย 4 โมง	reminder	11
3231363337383330	IN:SNOOZE_ALARM	ซ่อนการแจ้งเตือนทั้งหมดของฉันชั่วคราว	alarm	13
3231363337373632	IN:SNOOZE_ALARM	ซ่อนชั่วคราวครึ่งชั่วโมง	alarm	13
3231363337373333	IN:SNOOZE_ALARM	อีก 10 นาที	alarm	13
3231363337353638	IN:SNOOZE_ALARM	หยุดนาฬิกาปลุกเป็นเวลา 5 นาที	alarm	13
3231363336373235	IN:SNOOZE_ALARM	ขอฉันพัก ขอฉันไปนอน	alarm	13
3231363031313935	IN:SNOOZE_ALARM	ปิดนาฬิกาปลุก	alarm	13
3231353533393236	IN:SNOOZE_ALARM	ช่วยปิดการแจ้งเตือนนี้ครึ่งชั่วโมงได้มั้ย	alarm	13
3231353533383330	IN:SNOOZE_ALARM	ซ่อนการแจ้งเตือนนี้ชั่วคราว	alarm	13
3232313833363233	IN:SNOOZE_ALARM	คุณช่วยเปิดนาฬิกาปลุกต่อไปได้มั้ย	alarm	13
3231363337353935	IN:SNOOZE_ALARM	ช่วยหยุดเสียงปลุกชั่วคราวหน่อย	alarm	13
3231353534303631	IN:SNOOZE_ALARM	ฉันจะตื่นในอีก 10 นาที ปิดเสียงเตือน	alarm	13
3135323839373637	IN:SNOOZE_ALARM	ปิดเสียงเตือนของฉันเป็นเวลา 20 นาที	alarm	13
3231363337383035	IN:SNOOZE_ALARM	เลื่อนเตือนเวลาไปอีก 15 นาที	alarm	13
3231363337373339	IN:SNOOZE_ALARM	โปรดปลุกฉันอีกครั้งในอีก 5 นาที	alarm	13
3231363337363930	IN:SNOOZE_ALARM	ปิดเสียงปลุก	alarm	13
3231363431373035	IN:START_SHUFFLE_MUSIC	เปิด iheart radio และเล่น midnight แบบสุ่ม	music	14
3231363431363137	IN:START_SHUFFLE_MUSIC	เปิด Spotify และเล่น Save Tonight แบบสุ่ม	music	14
3231363431363031	IN:START_SHUFFLE_MUSIC	เปิด iHeartRadio และเล่น วันนี้ แบบสุ่ม	music	14
3231363033303131	IN:START_SHUFFLE_MUSIC	เล่น Hitstory แบบสุ่ม	music	14
3231363032353238	IN:START_SHUFFLE_MUSIC	เปิด iHeartRadio และเล่น Original Album Classics แบบสุ่ม	music	14
3132353830393636	IN:PAUSE_MUSIC	หยุดเพลงปัจจุบันไว้ชั่วคราว	music	15
39353832323438	IN:PAUSE_MUSIC	หยุดเล่นเพลงนี้ตอนนี้ชั่วคราว	music	15
39353232353330	IN:PAUSE_MUSIC	หยุดเล่นเพลง	music	15
39353535313632	IN:PAUSE_MUSIC	หยุดเพลงของฉัน	music	15
3135323939383837	IN:RESUME_TIMER	กลับไปใช้งานตัวจับเวลาที่หยุดพักไว้ใน 1 นาที	timer	16
39353339393130	IN:RESUME_TIMER	รีสตาร์ทตัวจับเวลา	timer	16
39353230303130	IN:RESUME_TIMER	เริ่มต้นนาฬิกาจับเวลาใหม่พรุ่งนี้	timer	16
39343836303030	IN:RESUME_TIMER	จับเวลาต่อไป	timer	16
39343736303539	IN:RESUME_TIMER	ย้อนการจับเวลาไปที่ตอนเริ่มต้น	timer	16
39343731383138	IN:RESUME_TIMER	จับเวลาต่อไปอีก 10 นาที	timer	16
3232333436313935	IN:RESUME_TIMER	เริ่มจับเวลาการซักผ้าใหม่	timer	16
3232323930323530	IN:RESUME_TIMER	นับถอยหลังสำหรับการแพลงก์ต่อ	timer	16
39353537353639	IN:RESUME_TIMER	นับถอยหลังต่อสำหรับการปรุงอาหาร	timer	16
39353230313030	IN:RESUME_TIMER	เริ่มจับเวลาอีกครั้งในอีก 18 นาที	timer	16
3232323831313732	IN:PLAY_MUSIC	เล่น The Acacia Strain	music	17
3232323830373130	IN:PLAY_MUSIC	เล่นเพลงของ Diplo	music	17
3232323739313730	IN:PLAY_MUSIC	ช่วยเล่น Bohemian Rhapsody หน่อย	music	17
3232323731393234	IN:PLAY_MUSIC	เล่นเพลงของ Sam Feldt ใน Google Play Music	music	17
3231373439373131	IN:PLAY_MUSIC	เปิด Spotify และเล่น Sandstorm	music	17
3231363431383031	IN:PLAY_MUSIC	เล่นเพลง Summer	music	17
3231363431373437	IN:PLAY_MUSIC	เล่นเพลง This Is What You Came For	music	17
3231363431363037	IN:PLAY_MUSIC	เล่น Tonight ของ Ludacris	music	17
3231363033303435	IN:PLAY_MUSIC	เปิด Spotify และเล่น In The Lonely Hour (Deluxe Edition)	music	17
3231363032393238	IN:PLAY_MUSIC	เล่น International Superhits! บน Spotify	music	17
3231363032373838	IN:PLAY_MUSIC	เล่น Limited Edition Collectors Box บน Pandora	music	17
3231363032373630	IN:PLAY_MUSIC	เริ่มเล่น x (Wembley Edition)	music	17
3231363032363039	IN:PLAY_MUSIC	เล่น Legend (The Definitive Remasters) บน Spotify	music	17
3231363032353930	IN:PLAY_MUSIC	เล่น Rocket Man: The Definitive Hits (Australian Tour Edition 2011) ใน iHeartRadio	music	17
3231353335303730	IN:PLAY_MUSIC	เล่นอัลบั้ม King Of Pop ใน iheartradio	music	17
3231353334393836	IN:PLAY_MUSIC	เล่น Free Fallin' บน iHeartRadio	music	17
3231353334393135	IN:PLAY_MUSIC	เล่นอัลบั้ม Hitstory ใน iheartradio	music	17
3231353334373337	IN:PLAY_MUSIC	เล่น ME! (ร่วมร้องโดย Brendon Urie จาก Panic! At The Disco) ใน iHeartRadio	music	17
3231353334353636	IN:PLAY_MUSIC	เล่นอัลบั้ม Rocket Man (Non EA) ใน iheartradio	music	17
3231353334343839	IN:PLAY_MUSIC	เล่นเพลงจากอัลบั้ม True บน iHeartRadio	music	17
3231353334343635	IN:PLAY_MUSIC	เล่น It Wasn't Me บน iHeartRadio	music	17
3231353334343031	IN:PLAY_MUSIC	เล่น No Money บน iHeartRadio	music	17
3231353334333333	IN:PLAY_MUSIC	เล่นเพลงของ JhenÃ© Aiko บน iheartradio	music	17
3231353233333730	IN:PLAY_MUSIC	คุณเล่นเพลงของ BTS ได้มั้ย	music	17
3231353232353332	IN:PLAY_MUSIC	ฉันอยากฟังเพลงของ Lil Baby หน่อย	music	17
3139383035353732	IN:PLAY_MUSIC	เล่นวิทยุ RADIO 94 5 WORLD CLASS ROCK	music	17
3139373936333438	IN:PLAY_MUSIC	iheartradio KRPT	music	17
3138383936303239	IN:PLAY_MUSIC	ช่วยเล่น "Somewhere" ของ Barbra Streisand หน่อยได้ไหม	music	17
3137303533363334	IN:PLAY_MUSIC	เปิด Spotify แล้วเล่นเพลย์ลิสต์สำหรับตอนขับรถเล่น	music	17
3132363137303838	IN:PLAY_MUSIC	เล่นเพลย์ลิสต์เพลงยุค 80	music	17
3132363038373732	IN:PLAY_MUSIC	ช่วยเล่นเพลย์ลิสต์โปรดของฉันให้หน่อย	music	17
3132363035393034	IN:PLAY_MUSIC	เล่นเพลงอันดับหนึ่งของชาร์ตบิลบอร์ด	music	17
3132353938363437	IN:PLAY_MUSIC	เปิด NPR	music	17
3132353933303832	IN:PLAY_MUSIC	ช่วยเล่นเพลง How Great Thou Art ของ Elvis ใน Spotify ได้ไหม	music	17
3132353838393535	IN:PLAY_MUSIC	เล่นเพลงของฉัน	music	17
3132353834343438	IN:PLAY_MUSIC	เปิดอัลบั้มใหม่ของ Lady Gaga	music	17
3132353730323630	IN:PLAY_MUSIC	เล่นเพลงยอดนิยมตลอดกาล 100 อันดับแรกให้หน่อย	music	17
3132353638343231	IN:PLAY_MUSIC	เล่นเพลงคลาสสิค พังค์	music	17
3132353637383239	IN:PLAY_MUSIC	เล่นเพลงจากเพลย์ลิสต์อื่น	music	17
39353830313832	IN:PLAY_MUSIC	เล่นเพลงลูกทุ่ง	music	17
39353737343537	IN:PLAY_MUSIC	ค้นหาเพลงใหม่ล่าสุดของ Kelly Clark	music	17
39353732363738	IN:PLAY_MUSIC	เล่นเฉพาะเพลงรื่นเริง	music	17
39353732353338	IN:PLAY_MUSIC	เล่นเพลงเพลงประกอบมิวสิคัลหน่อย	music	17
39353732353039	IN:PLAY_MUSIC	ฉันอยากฟังอัลบั้มล่าสุดของ Chris Brown	music	17
39353636303839	IN:PLAY_MUSIC	เล่นเพลงจากยุค 80 หน่อย	music	17
39353632313036	IN:PLAY_MUSIC	เล่นเพลย์ลิสต์สำหรับเล่นคาร์ดิโอ	music	17
39353631313136	IN:PLAY_MUSIC	ฉันอยากฟังดนตรีคลาสสิก	music	17
39353630353539	IN:PLAY_MUSIC	เล่นเพลงบรรเลงให้ฉัน	music	17
39353630343631	IN:PLAY_MUSIC	เล่นเพลงสำหรับออกกำลังกาย	music	17
39353537343438	IN:PLAY_MUSIC	เล่นเพลงแจ๊สเบาๆ	music	17
39353531393839	IN:PLAY_MUSIC	เล่นเพลงใหม่ของ Justin Timberlake	music	17
39353435343939	IN:PLAY_MUSIC	เปิด Pandora แล้วเล่นสถานีของฉัน	music	17
39353434343537	IN:PLAY_MUSIC	ฉันอยากฟังเพลง R&B	music	17
39353433383439	IN:PLAY_MUSIC	เล่นเพลงที่เป็นที่นิยมที่สุดในวันนี้	music	17
39353430343937	IN:PLAY_MUSIC	มีเพลงของ John Lennon บ้างมั้ย	music	17
39353336363432	IN:PLAY_MUSIC	ค้นหาเพลงสำหรับเด็ก	music	17
39353332323030	IN:PLAY_MUSIC	เล่นเพลงเรกเก้	music	17
39353239323635	IN:PLAY_MUSIC	เล่นเฉพาะเพลงร็อคในตอนนี้	music	17
39353237333930	IN:PLAY_MUSIC	ช่วยเล่นเพลงใหม่ของ Rihanna ให้หน่อย	music	17
39353235383733	IN:PLAY_MUSIC	ฟังเพลงของ Selena Gomez กันดีกว่า	music	17
39353230323330	IN:PLAY_MUSIC	เล่นเพลงดังยอดนิยมแนวคันทรีให้ฉันฟังหน่อย	music	17
39353138333538	IN:PLAY_MUSIC	กรุณาเล่นเพลงลูกทุ่งให้ฉัน	music	17
39353136393538	IN:PLAY_MUSIC	ฉันอยากฟังเพลงจากยุคห้าศูนย์	music	17
39353136323437	IN:PLAY_MUSIC	เล่นเพลงซาวด์แทรคจากวิดีโอเกมให้ฉัน	music	17
39353132343136	IN:PLAY_MUSIC	โปรดเล่นเพลงบลูส์	music	17
39353032383238	IN:PLAY_MUSIC	เล่นเพลงดังแนวร็อก	music	17
39353031313034	IN:PLAY_MUSIC	เล่นเพลย์ลิสต์เพลงแบบสุ่ม	music	17
39343935373338	IN:PLAY_MUSIC	เล่นบางเพลงของ Celine Dion	music	17
39343934333435	IN:PLAY_MUSIC	เล่นเพลงสำหรับการอ่านหนังสือ	music	17
39343933333430	IN:PLAY_MUSIC	เล่นอัลบั้มใหม่ของ Lecrae	music	17
39343932353531	IN:PLAY_MUSIC	เล่นเพลงสำหรับผ่อนคลายของฉัน	music	17
39343931373438	IN:PLAY_MUSIC	เปิดเพลย์ลิสต์ Spotify ของฉัน	music	17
39343837323239	IN:PLAY_MUSIC	เล่นเพลงแบบนี้อีก	music	17
39343738363838	IN:PLAY_MUSIC	เล่นเพลงคันทรีที่ยอดนิยมที่สุด	music	17
39343734343631	IN:PLAY_MUSIC	เล่นเพลงของ Michael Jackson	music	17
39343636313335	IN:PLAY_MUSIC	เล่นเพลงอื่นของศิลปินคนเดียวกันนี้	music	17
3232323831373336	IN:PLAY_MUSIC	เล่นเพลง Carrie Underwood	music	17
3232323831353337	IN:PLAY_MUSIC	เล่นเพลง Kanye	music	17
3232323831323732	IN:PLAY_MUSIC	เล่นเพลง Love Song ของ The Cure	music	17
3232323831323536	IN:PLAY_MUSIC	เล่นเพลงของ Brett Young	music	17
3232323830393838	IN:PLAY_MUSIC	เล่นเพลงสุดฮิตของ the eagles	music	17
3232323830393632	IN:PLAY_MUSIC	เล่นเพลง highway to hell	music	17
3232323830393239	IN:PLAY_MUSIC	เล่น Janis Joplin	music	17
3232323830363937	IN:PLAY_MUSIC	เล่นเพลงของวง Lil Uzi Vert	music	17
3232323739333038	IN:PLAY_MUSIC	เล่นเพลง idontwannabeyouanymore	music	17
3231363032363533	IN:PLAY_MUSIC	เล่นเพลง Soul Manifesto: 1964-1970 โดย OMI	music	17
3231353736383036	IN:PLAY_MUSIC	เล่นเพลง King Of Pop บน iHeartRadio	music	17
3231353334383039	IN:PLAY_MUSIC	เล่น Trippie Redd บน iheartradio	music	17
3231353334363836	IN:PLAY_MUSIC	เล่น Wind Of Change บน iHeartRadio	music	17
3231353334363834	IN:PLAY_MUSIC	เล่นเพลง I Love It บน iHeartRadio	music	17
3231353334353336	IN:PLAY_MUSIC	เล่นเพลงของ Girls 'Generation บน iheartradio	music	17
3231353233313931	IN:PLAY_MUSIC	เล่นเพลงในอัลบั้มใหม่ของ Eminem	music	17
3132363038333632	IN:PLAY_MUSIC	เล่นเพลง	music	17
3132363034393435	IN:PLAY_MUSIC	ฉันอยากฟังเพลงกล่อมเด็ก	music	17
3132363032323335	IN:PLAY_MUSIC	เล่นเพลงของ Rihanna	music	17
3132353734303232	IN:PLAY_MUSIC	เล่นเพลงจากยุค 80	music	17
39353831343339	IN:PLAY_MUSIC	เล่นเพลง Happy	music	17
39353633373736	IN:PLAY_MUSIC	เล่นเพลงใหม่ของ Jeremy camp	music	17
39353632303136	IN:PLAY_MUSIC	เล่นเพลง	music	17
39353536333933	IN:PLAY_MUSIC	ขอฟังอัลบั้มล่าสุดจาก Justin Timberlake	music	17
39353436333330	IN:PLAY_MUSIC	เล่นเพลงเบาๆ และผ่อนคลาย	music	17
39353431353736	IN:PLAY_MUSIC	ช่วยเปลี่ยนสถานีเป็นควีนตอนนี้เลย	music	17
39353336323834	IN:PLAY_MUSIC	เล่นเพลย์ลิสต์ 2559 ของฉัน	music	17
39353335333635	IN:PLAY_MUSIC	เล่นอัลบั้มใหม่ล่าสุดของ Kelsea Ballerini	music	17
39353138303831	IN:PLAY_MUSIC	เล่นเพลงเกี่ยวกับคริสต์มาส	music	17
39353134363937	IN:PLAY_MUSIC	ฟังเพลง Another brick on the wall บน Spotify	music	17
39343833343033	IN:PLAY_MUSIC	เล่นเพลง Red ของ taylor swift	music	17
39343735323639	IN:PLAY_MUSIC	เพลย์ลิสต์สำหรับเพลงยอดนิยมของ Madonna	music	17
39343732393137	IN:PLAY_MUSIC	ฉันต้องการฟังเพลงอัลบั้มล่าสุดของ Carrie Underwood	music	17
3232323831363234	IN:PLAY_MUSIC	เล่นเพลงของคานเย เวสต์	music	17
3232323831353930	IN:PLAY_MUSIC	เล่นดูแรนดูแรน	music	17
3232323831333539	IN:PLAY_MUSIC	เล่นเพลงแดมน์ แดมน์ แดมน์	music	17
3232323830373932	IN:PLAY_MUSIC	เล่น BBD	music	17
3232323739333134	IN:PLAY_MUSIC	โปรดเล่นเพลงของ Play Panic! At The Disco	music	17
3231373439373831	IN:PLAY_MUSIC	เปิด spotify และเล่นเพลง face the sun	music	17
3231373439373736	IN:PLAY_MUSIC	เปิด Music for Sleeping: Thunderstorm and Rain Sounds ใน Spotify	music	17
3231373439363935	IN:PLAY_MUSIC	เล่นเพลง Firestorm	music	17
3231363432303030	IN:PLAY_MUSIC	เล่นเพลง 5 Years Time	music	17
3231363431383532	IN:PLAY_MUSIC	เล่นเพลง 1Train ใน iHeartRadio	music	17
3231363431383333	IN:PLAY_MUSIC	เล่นเพลง Sweet Child O' Mine	music	17
3231363431373634	IN:PLAY_MUSIC	เล่นเพลง Love Yourself	music	17
3231363032393538	IN:PLAY_MUSIC	เปิด Pandora และเล่น Graduation (เวอร์ชั่นฝรั่งเศส)	music	17
3231363032383833	IN:PLAY_MUSIC	เริ่มเล่น Stoney (Deluxe)	music	17
3231353836303730	IN:PLAY_MUSIC	ไปที่ iheartradio และเล่น WQXR-FM	music	17
3231353836303636	IN:PLAY_MUSIC	เล่นดับเบิลยูเอ็นบีซีบน iheartradio	music	17
3231323232313532	IN:UPDATE_REMINDER	ทำให้การแจ้งเตือนมือถือของฉันแสดงซ้ำอีกครั้ง	reminder	18
3231323232393730	IN:UPDATE_REMINDER	ฉันต้องเปลี่ยนการแจ้งเตือนที่ฉันตั้งไว้สำหรับการแข่งขันในสัปดาห์หน้า	reminder	18
3231323432343636	IN:UPDATE_REMINDER	แก้ไขการแจ้งเตือนสำหรับการบันทึกครั้งต่อไป	reminder	18
3231313534323937	IN:UPDATE_REMINDER	การแจ้งเตือนการอัปเดตสำหรับการเปิดตลาดปลาตั้งแต่เวลา 17:00-22:00 น.	reminder	18
3231303133353437	IN:REPEAT_ALL_OFF_MUSIC	ช่วยหยุดเล่นเพลงทั้งหมดของฉันซ้ำได้ไหม	music	20
3231363733393938	IN:END_CALL	จบการโทร	calling	21
3231363138303132	IN:END_CALL	วางสายจาก Cesar Negus	calling	21
3231363137393433	IN:END_CALL	วางสายเมธีอัส	calling	21
3231353438353835	IN:END_CALL	วางสายแม่	calling	21
3231353436373631	IN:END_CALL	ตัดสาย	calling	21
3231353436373531	IN:END_CALL	ช่วยวางสายทันที	calling	21
3231353436373035	IN:END_CALL	ยกเลิกการโทรนี้	calling	21
3231333531393734	IN:END_CALL	ฉันต้องการวางสาย	calling	21
3231333531313437	IN:END_CALL	วางสายแล้ว	calling	21
3231333435383632	IN:END_CALL	ปิดการโทรนี้	calling	21
3231333435333430	IN:END_CALL	ปิดใช้งานการโทร	calling	21
3231333433383637	IN:END_CALL	วางสายให้หน่อย	calling	21
3231333432393733	IN:END_CALL	กรุณาวางสายการโทร	calling	21
3231333432323938	IN:END_CALL	ช่วยจบการสนทนานี้ให้หน่อย	calling	21
3231333130373130	IN:END_CALL	ช่วยหยุดการโทรกับญาติให้หน่อย	calling	21
3231303232323439	IN:END_CALL	วางสายที่คุยกับ Jewel	calling	21
3231303137343633	IN:END_CALL	ช่วยวางสายปัจจุบันของฉันกับ Lily หน่อย	calling	21
3231303135333438	IN:END_CALL	ฉันอยากวางสายนี้	calling	21
3231363734303834	IN:END_CALL	วางสาย	calling	21
3231363734303134	IN:END_CALL	กรุณาหยุดการโทร	calling	21
3231363733393437	IN:END_CALL	เดี๋ยว, อย่าเพิ่งโทร	calling	21
3231363137393535	IN:END_CALL	วางสายเคสซี่	calling	21
3231333439303836	IN:END_CALL	วางสาย	calling	21
3231333133323134	IN:END_CALL	วางสายพ่อแม่ของฉัน	calling	21
3231323432313033	IN:UPDATE_REMINDER_DATE_TIME	เปลี่ยนเตือนความจำสำหรับการให้ยาหมาเป็นตอนเช้าและกลางคืน	reminder	22
3231323239393234	IN:UPDATE_REMINDER_DATE_TIME	อัปเดตเวลาการแจ้งเตือนเป็น 10 โมง	reminder	22
3231323237383434	IN:UPDATE_REMINDER_DATE_TIME	ย้ายการแจ้งเตือนงานเป็นวันอาทิตย์	reminder	22
3231323237353736	IN:UPDATE_REMINDER_DATE_TIME	ฉันต้องเปลี่ยนการแจ้งเตือนสำหรับการประชุมในวันจันทร์หน้ามาเป็น 3 ทุ่ม จาก 2 ทุ่ม	reminder	22
3231323237353033	IN:UPDATE_REMINDER_DATE_TIME	อัปเดตการแจ้งเตือน ให้ไปเจอโมนิก้าสำหรับมื้อกลางวันตอนเที่ยงถึงบ่ายโมงตรง	reminder	22
3231323237343439	IN:UPDATE_REMINDER_DATE_TIME	เตือนฉันเกี่ยวกับการแข่งขันฟุตบอลในวันพฤหัสบดีแทนวันอาทิตย์	reminder	22
3231323234333535	IN:UPDATE_REMINDER_DATE_TIME	เตือนฉันเกี่ยวกับการเดินทางไปทูซอนในวันพุธแทนวันศุกร์	reminder	22
3231323232383836	IN:UPDATE_REMINDER_DATE_TIME	เปลี่ยนการแจ้งเตือนคาร์ล่าจากวันจันทร์เป็นวันอังคาร	reminder	22
3231323232383034	IN:UPDATE_REMINDER_DATE_TIME	แก้ไขการเตือนของการแจ้งเตือนให้ชำระค่าบัตรเครดิต จาก ไม่มี เป็น 1 วันก่อนถึงกำหนด	reminder	22
3231323232343731	IN:UPDATE_REMINDER_DATE_TIME	อัพเดทเตือนความจำ PT ของฉันเป็น 2 ชั่วโมงก่อนฉันต้องออกไป	reminder	22
3231323232333938	IN:UPDATE_REMINDER_DATE_TIME	เปลี่ยนการแจ้งเตือนของฉันให้แสดงเวลา GMT แทน EST	reminder	22
3231323231363138	IN:UPDATE_REMINDER_DATE_TIME	ช่วยเตือนความจำฉันเกี่ยวกับเพลงใหม่ในเวลา 23.30 น. วันพฤหัสบดี แทนที่จะเตือนในวันศุกร์	reminder	22
3231323330353039	IN:UPDATE_REMINDER_DATE_TIME	กรุณาเปลี่ยนการเตือนนัดหมอฟันของฉันในวันพรุ่งนี้เป็นวันพุธหน้า	reminder	22
3231323238363330	IN:UPDATE_REMINDER_DATE_TIME	เลื่อนการแจ้งเตือนไปวันอังคาร	reminder	22
3231363735363736	IN:SET_AVAILABLE	ตั้งสถานะของฉันเป็นว่าง	calling	23
3231333438363331	IN:SET_AVAILABLE	อัพเดตเป็นว่าง	calling	23
3231333438303333	IN:SET_AVAILABLE	ฉันว่างแล้ว	calling	23
3231333435313230	IN:SET_AVAILABLE	ฉันว่างคุยนะ	calling	23
3231333432363634	IN:SET_AVAILABLE	หาเวลาว่างให้ John หน่อย	calling	23
3231333432363436	IN:SET_AVAILABLE	ช่วยตั้งการตั้งค่าของฉันเป็นว่างให้หน่อย	calling	23
3231333533393136	IN:SET_AVAILABLE	ตั้งตัวฉันเองให้เป็นแอ็คทีฟ	calling	23
3231333533383934	IN:SET_AVAILABLE	ตั้งให้เจสซิก้าเป็นแอกทีฟ	calling	23
3231333532323038	IN:SET_AVAILABLE	อัปเดตสถานะเป็นว่าง	calling	23
3231333530393739	IN:SET_AVAILABLE	สถานะของฉันคือกำลังใช้งานอยู่	calling	23
3231333438373731	IN:SET_AVAILABLE	แสดงเวลาที่พร้อม	calling	23
3232353734393334	IN:GET_MESSAGE_CONTACT	ใครส่งข้อความหาฉันผ่าน WhatsApp	messaging	24
3232353735313830	IN:GET_MESSAGE_CONTACT	ใครส่งข้อความหาฉันทางวอตส์แอปป์	messaging	24
3232353734393033	IN:GET_MESSAGE_CONTACT	ใครส่งข้อความถึงฉันทาง WhatsApp	messaging	24
3232323232343537	IN:SHARE_EVENT	แชร์เรื่อง Feast of San Gennaro กับ Marlee	event	25
3232323232343530	IN:SHARE_EVENT	ส่งงานอีเว้นท์เกมนี้ให้มัทธีอัส	event	25
3232323232343238	IN:SHARE_EVENT	แบ่งปันงานที่ 4 ให้กับจอร์แดน	event	25
3231373530383237	IN:GET_ATTENDEE_EVENT	มีเพื่อนคนไหนของฉันจะไปงาน Los Angeles Interactive Conference 2019 ไหม?	event	27
3231373530373832	IN:GET_ATTENDEE_EVENT	ฉันรู้จักใครที่จะไป Feast of San Gennaro มั้ย	event	27
3231373530353638	IN:GET_ATTENDEE_EVENT	มีเพื่อนของฉันไป Feast of San Gennaro ไหม	event	27
3138383935313335	IN:GET_INFO_RECIPES	ฉันควรเพิ่มอะไรลงไปในส่วนผสมของเค้ก	recipes	28
3138383934373030	IN:GET_INFO_RECIPES	วิธีที่ดีที่สุดในการอุ่นล็อบสเตอร์แช่แข็งคืออะไร	recipes	28
3133343634353138	IN:GET_INFO_RECIPES	น้ำมันสำหรับการทอดปลาควรร้อนเท่าไร	recipes	28
3133343439363038	IN:GET_INFO_RECIPES	ควรตั้งอุณหภูมิสำหรับทำเนื้อย่างที่เท่าไหร่	recipes	28
3133343130333337	IN:GET_INFO_RECIPES	ต้องใช้เวลาในการละลายน้ำแข็งบนไก่ทั้งตัวนานเท่าไหร่	recipes	28
3133323735333735	IN:GET_INFO_RECIPES	อาหารร้อนควรเก็บไว้ที่อุณหภูมิเท่าไร	recipes	28
3133303534343230	IN:GET_INFO_RECIPES	อันไหนมีแคลอรี่น้อยกว่ากัน พิซซ่าเปปเปอโรนี่ หรือพิซซ่าไส้กรอก	recipes	28
3132383135333135	IN:GET_INFO_RECIPES	ฉันจะหั่นอะโวคาโดยังไง	recipes	28
3132363338393936	IN:GET_INFO_RECIPES	สิ่งที่เข้าคู่ได้ดีกับลาซานญ่าคืออะไร	recipes	28
3132363334383831	IN:GET_INFO_RECIPES	ข้าวหนึ่งที่คือเท่าไร	recipes	28
3132363233323838	IN:GET_INFO_RECIPES	เฟตตูชินี่อัลเฟรโดมีครีมเยอะไหม	recipes	28
39343633303333	IN:GET_INFO_RECIPES	ฉันต้องใช้อุณหภูมิเท่าไรในการอบบราวนี	recipes	28
39343632353034	IN:GET_INFO_RECIPES	ฉันต้องการวัตถุดิบอะไรบ้างสำหรับทำเค้กปอนด์	recipes	28
39343632343438	IN:GET_INFO_RECIPES	คุณควรอุ่นพิซซ่าซ้ำที่อุณหภูมิเท่าไหร่	recipes	28
39343632343035	IN:GET_INFO_RECIPES	ซอสเอนชิลาดา มีส่วนผสมอะไรบ้าง	recipes	28
39343631353233	IN:GET_INFO_RECIPES	ส่วนผสมของพ็อทพาย	recipes	28
39343631343431	IN:GET_INFO_RECIPES	คุณใช้อุณหภูมิเท่าไหร่ในการทำสปาเก็ตตี้คาร์บต่ำ	recipes	28
39343630323737	IN:GET_INFO_RECIPES	ฉันต้องใช้ช็อกโกแลตแบบไหนทำคุกกี้ช็อกโกแลตชิป	recipes	28
39343539333235	IN:GET_INFO_RECIPES	ฉันต้องการอะไรบ้างเพื่อทำซอสอัลเฟรโด้	recipes	28
39343538353639	IN:GET_INFO_RECIPES	ลาซานญ่าใช้เวลาทำนานเท่าไหร่	recipes	28
39343537373130	IN:GET_INFO_RECIPES	เนยกับมาการีนต่างกันยังไง	recipes	28
39343537333339	IN:GET_INFO_RECIPES	ส่วนผสมในสตูกระเจี๊ยบ	recipes	28
39343536343239	IN:GET_INFO_RECIPES	ปกติการทำอาหารเมนูหมูต้องใช้อุณหภูมิเท่าไร	recipes	28
39343535373533	IN:GET_INFO_RECIPES	มาร์ตินี่ผสมยังไง	recipes	28
39343535323737	IN:GET_INFO_RECIPES	ทำเค้กใช้เวลาเท่าไร	recipes	28
39343535303535	IN:GET_INFO_RECIPES	อุณหภูมิที่ดีที่สุดในการทำไก่อบคือเท่าไร	recipes	28
39343533333130	IN:GET_INFO_RECIPES	ฉันจะรู้ได้ยังไงว่าไก่สุกแล้วหรือยัง	recipes	28
39343533323239	IN:GET_INFO_RECIPES	ต้องตั้งอุณหภูมิในการทำไก่งวงไว้ที่เท่าไหร่	recipes	28
39343531383637	IN:GET_INFO_RECIPES	เนยแท้หนึ่งที่มีแคลอรี่เท่าไร	recipes	28
39343531373438	IN:GET_INFO_RECIPES	ต้องอบไก่ที่อุณหภูมิเท่าไหร่	recipes	28
39343531343333	IN:GET_INFO_RECIPES	ส่วนประกอบของสตูเนื้อมีอะไรบ้าง	recipes	28
39343531323035	IN:GET_INFO_RECIPES	เครื่องเทศที่ใส่ในพีชคอบเบลอร์มีอะไรบ้าง	recipes	28
39343530323838	IN:GET_INFO_RECIPES	เค้กกรวยมีแคลอรี่เท่าไร	recipes	28
3138383934383438	IN:GET_INFO_RECIPES	วิธีที่ดีที่สุดในการปรุงอกไก่ โดยที่ไม่ทำให้แห้งเกินไปต้องทำยังไง	recipes	28
3138383932323737	IN:GET_INFO_RECIPES	ต้องใช้ส่วนผสมอะไรบ้างในการทำทอดมันปู	recipes	28
39343630393231	IN:GET_INFO_RECIPES	ซอสอัลเฟรโดคืออะไร	recipes	28
39343539353334	IN:GET_INFO_RECIPES	ในเครื่องแกงมีอะไรบ้าง	recipes	28
39343538363331	IN:GET_INFO_RECIPES	วัตถุดิบในการตุ๋นถั่วเขียวคืออะไร	recipes	28
39343537353230	IN:GET_INFO_RECIPES	ชีสอะไรที่ใช้บนพิซซ่า	recipes	28
39343537313934	IN:GET_INFO_RECIPES	อุณหภูมิที่ถูกต้องในการทำสเต็กแบบปรุงสุกคือเท่าไหร่	recipes	28
39343537303531	IN:GET_INFO_RECIPES	อุณหภูมิของเนื้อสัตว์	recipes	28
39343536343337	IN:GET_INFO_RECIPES	อะไรคือวิธีที่ดีที่สุดในการปรุงไก่	recipes	28
39343535393636	IN:GET_INFO_RECIPES	มีส่วนผสมอะไรบ้างใน บีฟเวลลิงตัน	recipes	28
39343532303134	IN:GET_INFO_RECIPES	น้ำจะเดือดที่อุณหภูมิเท่าไหร่	recipes	28
3138383937383433	IN:GET_INFO_RECIPES	ผักโขมมีไฟเบอร์มากแค่ไหน?	recipes	28
3138383932323934	IN:GET_INFO_RECIPES	มีอะไรในผงปรุงรสอโดโบ้บ้าง	recipes	28
3138383931363938	IN:GET_INFO_RECIPES	ควรใส่มันฝรั่งไว้ในเตาอบนานแค่ไหน	recipes	28
3139343332383434	IN:GET_LIFE_EVENT	Michael Jackson ตายที่ไหน	people	29
39353633343732	IN:DISLIKE_MUSIC	ฉันไม่ชอบเพลงนั้นและฉันไม่อยากฟัง	music	30
3230303431303931	IN:DISLIKE_MUSIC	ฉันค่อนข้างเกลียดเพลงนี้	music	30
39353636373835	IN:DISLIKE_MUSIC	ไม่ชอบเพลงที่เปิดอยู่นี้	music	30
3231363331323937	IN:DELETE_ALARM	ลบการแจ้งเตือนที่ตั้งไว้สำหรับสัปดาห์นี้ทั้งหมด	alarm	31
3231363032303830	IN:DELETE_ALARM	ยกเลิกนาฬิกาปลุกนี้	alarm	31
3231353938383431	IN:DELETE_ALARM	ลบการแจ้งเตือนสำหรับสองเดือนถัดไป	alarm	31
3231353439313030	IN:DELETE_ALARM	ยกเลิกนาฬิกาปลุกทั้งหมดของฉันสำหรับ	alarm	31
3231353438393932	IN:DELETE_ALARM	กรุณายกเลิกนาฬิกาปลุกที่ตั้งไว้สำหรับวันอาทิตย์ทั้งหมด	alarm	31
39343730303337	IN:DELETE_ALARM	กรุณาลบนาฬิกาปลุกปัจจุบันของฉันทั้งหมด	alarm	31
3231363330393339	IN:DELETE_ALARM	ยกเลิกนาฬิกาปลุกของคืนนี้	alarm	31
3231363330373832	IN:DELETE_ALARM	ลบการแจ้งเตือนออกทั้งหมด	alarm	31
39353330353535	IN:DELETE_ALARM	ยกเลิกทุกการแจ้งเตือนที่ฉันตั้งไว้	alarm	31
3231363331323336	IN:DELETE_ALARM	ยกเลิกแจ้งเตือนเวลาทั้งหมด	alarm	31
3232343533373235	IN:SET_RSVP_YES	ตอบตกลงไปร่วมงาน Who Gets to Make History? The Story of Monuments and Statues	event	32
3232343533323232	IN:SET_RSVP_YES	ตั้งสถานะของฉันเป็นจะไปร่วมกิจกรรมนี้	event	32
3232343533323231	IN:SET_RSVP_YES	ตั้งสถานะของฉันเป็นจะไป Solstice Parade	event	32
3232343532333937	IN:SET_RSVP_YES	ฉันอยากไปงาน TEDxSeattle	event	32
3232343533363830	IN:SET_RSVP_YES	ตอบตกลงงานที่สี่	event	32
3232343533333236	IN:SET_RSVP_YES	ฉันอยากไปงานที่สี่	event	32
39353030343036	IN:ADD_TO_PLAYLIST_MUSIC	บันทึกลงในเพลย์ลิสต์ฟังเพลินตอนทำงานของฉัน	music	33
39353531343731	IN:ADD_TO_PLAYLIST_MUSIC	บันทึกรายการเพลงที่เพิ่งเล่นไป	music	33
3232353834303234	IN:GET_MESSAGE	ตั้งแต่วันอังคาร กลุ่มเพื่อนร่วมงานได้ส่งข้อความหาฉันบ้างไหม	messaging	34
3232353833383631	IN:GET_MESSAGE	ครอบครัวของฉันส่งอะไรมาให้ฉันบ้างไหม	messaging	34
3232353832363831	IN:GET_MESSAGE	เธรดเพื่อนมหาวิทยาลัยได้ส่งอะไรมาให้ฉันบ้างไหม	messaging	34
3232353832353037	IN:GET_MESSAGE	แสดงข้อความจากหลานสาวของฉัน	messaging	34
3232353832343138	IN:GET_MESSAGE	แสดงข้อความจาก Adelina ให้ฉันดูหน่อย	messaging	34
3232353832333834	IN:GET_MESSAGE	แสดงข้อความจากหลานสาวของฉัน มาเลเซีย	messaging	34
3232353832323432	IN:GET_MESSAGE	เอาข้อความจากแฟนสาว เอเดรียล	messaging	34
3232353832323036	IN:GET_MESSAGE	เอาข้อความจากไนล่า	messaging	34
3232353832313837	IN:GET_MESSAGE	มาดูข้อความวิดีโอจาก Eden กัน	messaging	34
3232353832313532	IN:GET_MESSAGE	ขอฉันดูข้อความวิดีโอจาก Adeline หลานชายของฉันหน่อย	messaging	34
3232353832313231	IN:GET_MESSAGE	ข้อความจาก Wade หลานชายของฉันเขียนว่าอะไร	messaging	34
3232353832303532	IN:GET_MESSAGE	ฉันขอดูข้อความวิดีโอจาก Atlas หน่อย	messaging	34
3232353832303032	IN:GET_MESSAGE	ขอฉันดูข้อความวิดีโอจาก Dylan พ่อของฉันหน่อย	messaging	34
3232353831393235	IN:GET_MESSAGE	ขอฉันดูข้อความจาก มาเตโอ คุณปู่ของฉัน	messaging	34
3232353735303337	IN:GET_MESSAGE	อ่านข้อความของฉันใน Facebook	messaging	34
3232343436343739	IN:GET_MESSAGE	วันนี้ Dahlia ได้ส่งข้อความหาฉันไหม	messaging	34
3231323832313632	IN:GET_MESSAGE	ฉันทำข้อความจากพ่อของฉันที่พ่อส่งมาเมื่อวานหายไป หาให้หน่อยได้ไหม	messaging	34
3231323738353730	IN:GET_MESSAGE	เมื่อวานนี้ Lua ส่งข้อความถึงฉันหรือไม่	messaging	34
3232353833363539	IN:GET_MESSAGE	ครอบครัวของฉันส่งข้อความถึงฉันบ้างรึเปล่า	messaging	34
3232353832303735	IN:GET_MESSAGE	ดูข้อความจากคู่สมรสของฉันหน่อย	messaging	34
3232353832303434	IN:GET_MESSAGE	แสดงข้อความวิดีโอจากลูกพี่ลูกน้องเดวิน	messaging	34
3232353831393038	IN:GET_MESSAGE	ขอดูข้อความของฉันที่ได้รับจากภรรยาของฉัน แม็กซี่มิลเลียน	messaging	34
3232343436343530	IN:GET_MESSAGE	เลวีส่งข้อความมาหาฉันบ้างมั้ยวันนี้	messaging	34
3231363039343637	IN:GET_MESSAGE	กู้ข้อความของฉันกลับมา	messaging	34
3231333637333338	IN:GET_MESSAGE	อ่านข้อความของฉันเสียงดัง ๆ	messaging	34
3232323232353139	IN:GET_EVENT	ฉันอยากดูงานอีเว้นท์ที่เป็นมิตรสำหรับครอบครัวอีก	event	35
3232323232353132	IN:GET_EVENT	ฉันอยากดูงานกิจกรรมที่สามารถพาหมาไปได้ในดิมอยน์	event	35
3232323232353034	IN:GET_EVENT	แนะนำงานกิจกรรมที่สามารถเข้าร่วมได้เป็นครอบครัว	event	35
3231373530333230	IN:GET_EVENT	แนะนำเทศกาลในวันศุกร์ในอเบอร์ดีนให้ฉันสักหน่อยสิ	event	35
3231343937353937	IN:GET_EVENT	คืนพรุ่งนี้มีแข่งเทนนิสมั้ย	event	35
3231343937353734	IN:GET_EVENT	เสาร์นี้มีการแข่งขันเทนนิสหรือไม่	event	35
3231343937353636	IN:GET_EVENT	เร็วๆ นี้จะมีการจัดเกมการแข่งขันฮอกกี้อะไรไหม	event	35
3231343937353536	IN:GET_EVENT	คืนนี้มีการแข่งขันฟุตบอลคู่ไหนบ้าง	event	35
3231343937343834	IN:GET_EVENT	มีการแข่งขันวอลเลย์บอลอะไรบ้างในเดือนกันยายน	event	35
3231343937343034	IN:GET_EVENT	มีแมตช์ซอฟต์บอลสัปดาห์หน้าไหม	event	35
3231343937323737	IN:GET_EVENT	ฮอกกี้น้ำแข็งรายการไหนที่จะแข่งในวันอาทิตย์ที่โอ๊คแลนด์	event	35
3139393930313038	IN:GET_EVENT	เกิดอะไรขึ้นที่เพนซาโคลาในคืนวันเสาร์	event	35
3139393839383937	IN:GET_EVENT	มีอะไรน่าทำในไมอามีบ้าง	event	35
3139393839383639	IN:GET_EVENT	กิจกรรมให้ทำในมอนต์โมเมอรี่ อัลบาม่า	event	35
3139393839353335	IN:GET_EVENT	สิ่งที่ต้องทำในอีทากาสุดสัปดาห์นี้	event	35
3139393839343139	IN:GET_EVENT	กิจกรรมนี้อยู่ในเพนซิลเวเนียใช่ไหม	event	35
3139393839313436	IN:GET_EVENT	มีอะไรใหม่ในซานตาแคลริตา	event	35
3139393839313434	IN:GET_EVENT	คอนเสิร์ตในสัปดาห์วันคริสต์มาสที่บอยซี	event	35
3139393838393934	IN:GET_EVENT	คืนนี้ที่ซานฟรานซิสโกมีอะไรให้ทำบ้าง	event	35
3139393838393739	IN:GET_EVENT	คอนเสิร์ตในบอสตันเดือนนี้	event	35
3139393838393139	IN:GET_EVENT	พรุ่งนี้เราจะทำอะไรที่แอตแลนตาได้บ้าง	event	35
3139393838393138	IN:GET_EVENT	มีงานกิจกรรมอะไรพิเศษในริเวอร์ไซด์ในสุดสัปดาห์นี้ไหม	event	35
3139393838383638	IN:GET_EVENT	เกิดอะไรขึ้นที่เพนซาโคลา	event	35
3139393838353639	IN:GET_EVENT	มีการแสดงดนตรีสดในวิลมิงตันคืนนี้บ้างมั้ย	event	35
3139393838333434	IN:GET_EVENT	เกิดอะไรขึ้นที่ลาสเวกัสเมื่อคืนนี้	event	35
3139393838313638	IN:GET_EVENT	สิ่งที่ต้องทำในเกรแชม	event	35
3139393838303337	IN:GET_EVENT	มีกิจกรรมอะไรบ้างในเพนซาโคลาวันนี้	event	35
3139393838303031	IN:GET_EVENT	คอนเสิร์ตในเซนต์ ออกัสติน สุดสัปดาห์นี้	event	35
3139393837363137	IN:GET_EVENT	รายชื่อกิจกรรมในชิคาโกสัปดาห์หน้า	event	35
3139393837343438	IN:GET_EVENT	มีอะไรเกิดขึ้นในฟิลาเดเฟียช่วงสุดสัปดาห์นี้บ้าง	event	35
3139393837303730	IN:GET_EVENT	มีเทศกาลรื่นเริงที่กำลังจะจัดหรือไม่	event	35
3139393837303136	IN:GET_EVENT	วันนี้มีงานกิจกรรมไหนจัดในลอสแองเจลิสบ้าง	event	35
3139393836383139	IN:GET_EVENT	มีรายการเพลงอะไรบ้างในวันนี้	event	35
3139393836383137	IN:GET_EVENT	เทศกาลอาหารใน DC เดือนมีนาคม	event	35
3139393836343838	IN:GET_EVENT	ขบวนพาเหรดในเดือนนี้	event	35
3139393836323835	IN:GET_EVENT	ฉันเบื่อ คืนนี้มีอะไรทำบ้าง	event	35
3139393835393438	IN:GET_EVENT	งานกิจกรรมของวันพรุ่งนี้	event	35
3139393835393337	IN:GET_EVENT	คืนนี้มีกิจกรรมดนตรีในเมืองแอครอนไหม	event	35
3139393835393034	IN:GET_EVENT	สิ่งที่ควรทำในบิล็อกซีสัปดาห์หน้า	event	35
3139393835383636	IN:GET_EVENT	เทศกาลในราลีสุดสัปดาห์นี้	event	35
3139393835383439	IN:GET_EVENT	ฉันจะทำอะไรได้บ้างในคืนวันศุกร์	event	35
3139393835343634	IN:GET_EVENT	งานกิจกรรมดนตรีใดๆ สำหรับวันพรุ่งนี้	event	35
3139393835333733	IN:GET_EVENT	คอนเสิร์ตสุดสัปดาห์นี้	event	35
3139393835333338	IN:GET_EVENT	สุดสัปดาห์นี้ที่นิวเจอร์ซีย์มีคอนเสิร์ตอะไรบ้าง	event	35
3139393835333031	IN:GET_EVENT	สิ่งที่ควรทำในนิวยอร์กในวันอังคาร	event	35
3139393835323730	IN:GET_EVENT	จะมีอะไรสนุกๆ เกิดขึ้นที่แกรนด์แรพิดส์คืนนี้ไหม	event	35
3139393835313135	IN:GET_EVENT	สิ่งที่ต้องทำในอิลลินอยส์	event	35
3139393834383431	IN:GET_EVENT	คอนเสิร์ตดนตรีในดัลลาส	event	35
3139393834383430	IN:GET_EVENT	มีกิจกรรมดีๆ ที่จัดในเท็กซัสไหม	event	35
3139393834373037	IN:GET_EVENT	ปาร์ตี้ในนิวยอร์ก	event	35
3139393834353136	IN:GET_EVENT	งานกิจกรรมหลักในซอลต์เลกซิตี	event	35
3139393834343738	IN:GET_EVENT	เทศกาลอาหารในเท็กซัสในสุดสัปดาห์นี้	event	35
3139393834343030	IN:GET_EVENT	งานกิจกรรมที่จะเกิดในโคนาคืนนี้	event	35
3139393833383332	IN:GET_EVENT	ฉันจะทำอะไรได้บ้างในคืนวันพฤหัสบดี	event	35
3139393833373735	IN:GET_EVENT	งานกิจกรรมในกรุงนิวยอร์ก	event	35
3139393833323133	IN:GET_EVENT	เกิดอะไรขึ้นที่เวสต์ปาล์ม	event	35
3139393833313232	IN:GET_EVENT	ฉันเบื่อ ช่วยฉันหาอะไรทำวันนี้หน่อย	event	35
3139393832383836	IN:GET_EVENT	พรุ่งนี้ฉันทำอะไรได้บ้าง	event	35
3139393832353839	IN:GET_EVENT	ซีแอตเทิลจะเป็นเจ้าภาพการแสดงดนตรีระดับท็อปปี 2018	event	35
3139393832353335	IN:GET_EVENT	มีงานอะไรที่จะจัดขึ้นในสัปดาห์หน้ามั้ย	event	35
3139393832343238	IN:GET_EVENT	สิ่งที่ต้องทำด้วยตัวเอง	event	35
3139393832323231	IN:GET_EVENT	มีอะไรต้องทำในวันอาทิตย์นี้ไหม	event	35
3139393831333934	IN:GET_EVENT	สิ่งที่ต้องทำในวันศุกร์หน้า	event	35
3139393831333237	IN:GET_EVENT	มีงานกิจกรรมดีๆ ที่จัดคืนนี้บ้างไหม	event	35
3139393831323632	IN:GET_EVENT	คุณแนะนำงานอะไร	event	35
3139393830363831	IN:GET_EVENT	มีอะไรใหม่ๆ ให้ทำพรุ่งนี้ไหม	event	35
3139393830353233	IN:GET_EVENT	เกิดอะไรขึ้นในเกรเชมตอนกลางคืนสุดสัปดาห์นี้	event	35
3139393739393835	IN:GET_EVENT	บอกฉันเกี่ยวกับหนังที่เปิดตัวในสุดสัปดาห์นี้หน่อย	event	35
3139393739383138	IN:GET_EVENT	มีอะไรเกิดขึ้นในเวกัสคืนนี้บ้าง	event	35
3139393739383137	IN:GET_EVENT	คอนเสิร์ตในซีแอทเทิลในเดือนมิถุนายน	event	35
3139393739363934	IN:GET_EVENT	กิจกรรมในเวกัสสุดสัปดาห์นี้	event	35
3139393739363738	IN:GET_EVENT	มีอะไรเกิดขึ้นบ้างคืนนี้	event	35
3139393739363631	IN:GET_EVENT	งานเลี้ยงที่ลอสแองเจลีสในคืนก่อนวันปีใหม่	event	35
3139393739353533	IN:GET_EVENT	มีคอนเสิร์ตอะไรที่กำลังจะมาจัดที่ซาคราเมนโตบ้าง	event	35
3139393738373734	IN:GET_EVENT	มีการแสดงของนักร้องประสานเสียงในเที่ยงคืนวันที่ 24 ที่เซาธ์ไมอามีไหม	event	35
3139393738343232	IN:GET_EVENT	วันศุกร์หน้าจะเกิดอะไรขึ้น	event	35
3139393738313933	IN:GET_EVENT	งานกิจกรรมในนิวยอร์กสุดสัปดาห์นี้	event	35
3139393738303332	IN:GET_EVENT	คืนนี้มีอะไรบ้าง	event	35
3139393737383331	IN:GET_EVENT	มีงานอีเว้นท์อะไรสนุกๆ คืนนี้ไหม	event	35
3139393737343634	IN:GET_EVENT	งานกิจกรรมที่เกิดขึ้นพรุ่งนี้	event	35
3139393737313436	IN:GET_EVENT	เสาร์นี้จะมีอะไรบ้าง	event	35
3139393736393432	IN:GET_EVENT	คืนนี้มีอะไรให้ทำบ้าง	event	35
3139393736393234	IN:GET_EVENT	มีอะไรเกิดขึ้นบ้างในคืนนี้	event	35
3139393736363539	IN:GET_EVENT	งานกิจกรรมดนตรีก่อน 20.00 น. สุดสัปดาห์นี้	event	35
3139393736353730	IN:GET_EVENT	พาเหรดที่กำลังจะเกิดขึ้น	event	35
3139393736333139	IN:GET_EVENT	สิ่งที่น่าทำสุดสัปดาห์นี้	event	35
3139393736313639	IN:GET_EVENT	มีสิ่งที่ต้องทำในวันศุกร์ไหม	event	35
3139393736313138	IN:GET_EVENT	เรื่องสนุกที่น่าทำในสุดสัปดาห์นี้	event	35
3232323232303935	IN:GET_EVENT	คุณสามารถเอางานอีเว้นท์ที่ฉันได้รับเชิญขึ้นมาได้มั้ย	event	35
3231373530333536	IN:GET_EVENT	ช่วยแสดงงานอีเว้นท์อื่นๆ ให้ฉันดูอีกได้มั้ย	event	35
3231373530303331	IN:GET_EVENT	ช่วยแนะนำงานอีเว้นท์สำหรับเดือนนี้	event	35
3139393930303033	IN:GET_EVENT	การแสดงบรอดเวย์ที่นครนิวยอร์กในเดือนมีนาคม	event	35
3139393839363234	IN:GET_EVENT	สิ่งที่ต้องทำที่ซินซินนาติสุดสัปดาห์หน้า	event	35
3139393839343632	IN:GET_EVENT	มีอะไรสนุกๆให้ทำที่ซีราคิวส์บ้าง	event	35
3139393838393930	IN:GET_EVENT	พรุ่งนี้มีงานอีเว้นท์อะไรบ้างในฮอลลีวูด	event	35
3139393838323632	IN:GET_EVENT	เกิดอะไรขึ้นที่ NYC คืนวันเสาร์	event	35
3139393837373737	IN:GET_EVENT	มีงานอีเว้นท์อะไรบ้างที่นิวยอร์กสัปดาห์นี้	event	35
3139393837373233	IN:GET_EVENT	ฉันจะทำอะไรได้บ้างที่แฟร์แฟกซ์วันพรุ่งนี้	event	35
3139393837313032	IN:GET_EVENT	เกิดอะไรขึ้นบ้างในสัปดาห์นี้	event	35
3139393836363637	IN:GET_EVENT	เกิดอะไรขึ้นในวันส่งท้ายปีเก่าที่ลาสเวกัส ตอน 5 ทุ่ม	event	35
3139393835373537	IN:GET_EVENT	รายการงานแสดงรถยนต์ที่จะจัดขึ้นที่แอตแลนตาในสุดสัปดาห์หน้า	event	35
3139393835353134	IN:GET_EVENT	ดูหนังตอน 3 ทุ่มคืนนี้ ที่พิตส์เบิร์ก	event	35
3139393835343338	IN:GET_EVENT	งานอีเว้นท์ที่ในโฮโนลูลู	event	35
3139393834383534	IN:GET_EVENT	เหตุการณ์ปัจจุบันในนิวยอร์ก	event	35
3139393832363237	IN:GET_EVENT	เกิดอะไรขึ้นในวันพฤหัสบดี	event	35
3139393832323831	IN:GET_EVENT	มีเหตุการณ์อะไรเกิดขึ้นในเมืองฮาร์ดี้บ้างมั้ย	event	35
3139393830343632	IN:GET_EVENT	ภาพยนตร์ใหม่ที่กำลังจะฉายนั้นมาเมื่อไหร่	event	35
3139393830313634	IN:GET_EVENT	งานอีเว้นท์ที่ซีแอตเทิลสำหรับวันศุกร์นี้	event	35
3139393737393739	IN:GET_EVENT	เกิดอะไรขึ้นบ้างในสัปดาห์นี้	event	35
3139393736383030	IN:GET_EVENT	กิจกรรมสนุกๆ ที่จะทำสุดสัปดาห์นี้	event	35
3232323232353133	IN:GET_EVENT	ฉันอยากเห็นอีเว้นท์ที่เหมาะกับครอบครัว	event	35
3232323232303933	IN:GET_EVENT	คุณช่วยแสดงรายการงานที่ผ่านมาของฉันด้วย	event	35
3231373530333432	IN:GET_EVENT	แสดงงานแสดงดนตรีสดต่าง ๆ ให้ฉันดู	event	35
3231343937363333	IN:GET_EVENT	หาการแข่งขันฟุตบอลในมิลวอกี้สำหรับวันอังคารให้ฉัน	event	35
3231363735393631	IN:HOLD_CALL	ถือสายนี้	calling	36
3231353438343436	IN:HOLD_CALL	พักสายของฉันกับ Jennifer	calling	36
3231303232343138	IN:HOLD_CALL	พักสายของทอมไว้ก่อน	calling	36
3138393930383739	IN:GET_EDUCATION_TIME	Lena เริ่มเข้าเรียนที่ Miami Dade College เมื่อไร	people	37
3138393930333934	IN:GET_EDUCATION_TIME	Abby เริ่มเรียนคณะแพทย์ตั้งแต่ปีไหน	people	37
3138393930323834	IN:GET_EDUCATION_TIME	Theresa จบมัธยมเมื่อปีไหน	people	37
3138393839323538	IN:GET_EDUCATION_TIME	Anna เรียนจบจากที่ไหน	people	37
3138393930343936	IN:GET_EDUCATION_TIME	David เริ่มเข้าเรียนที่มหาวิทยาลัยบอสตันเมื่อไหร่	people	37
3138393931303530	IN:GET_EDUCATION_TIME	เจสสิกาเคยเข้าเรียนที่วิทยาลัยฟอร์เรกต์มาก่อนหรือเปล่า	people	37
3138393930303438	IN:GET_EDUCATION_TIME	บิล เกตส์ อยู่ในวิทยาลัยนานเท่าไหร่	people	37
3232343330373137	IN:GET_WEATHER	แสดงอากาศของทั้งสัปดาห์ให้ฉันดูหน่อย	weather	38
3232313432383933	IN:GET_WEATHER	สภาพอากาศในบาร์ตัน อัพพอน ฮัมเบอร์เป็นยังไง	weather	38
3232313432383836	IN:GET_WEATHER	ฉันอยากรู้สภาพอากาศที่แบรดฟอร์ดออนเอวอน	weather	38
3232313432383731	IN:GET_WEATHER	แสดงสภาพอากาศสำหรับเวลส์ใกล้ทะเล	weather	38
3232313136333536	IN:GET_WEATHER	อุณหภูมิในตอนเย็นวันนี้จะเป็นอย่างไร	weather	38
3231363431333535	IN:GET_WEATHER	เวลา 16.00 น. อากาศจะอุ่นขึ้นไหม	weather	38
3231363431323938	IN:GET_WEATHER	กรุณาบอกสภาพอากาศตอน 9 โมงครึ่งให้กับฉัน	weather	38
3231363431313537	IN:GET_WEATHER	บอกฉันหน่อยว่าสภาพอากาศเวลา 15.00 น. จะเป็นยังไง	weather	38
3231363431303232	IN:GET_WEATHER	บอกฉันว่าอากาศตอน 1 ทุ่มครึ่งจะเป็นอย่างไร	weather	38
3231363430393933	IN:GET_WEATHER	บ่ายนี้สภาพอากาศเป็นยังไงบ้าง	weather	38
3231363430393337	IN:GET_WEATHER	สภาพอากาศตอน 16.00 น. จะเป็นยังไง	weather	38
3231363430363431	IN:GET_WEATHER	สภาพอากาศของวันที่เหลือในสัปดาห์นี้เป็นยังไง	weather	38
3231363430353131	IN:GET_WEATHER	การพยากรณ์	weather	38
3231363430343535	IN:GET_WEATHER	อุณหภูมิจะอยู่ที่เท่าไหร่	weather	38
3231363430343339	IN:GET_WEATHER	บอกฉันได้ไหมว่าข้างนอกตอนนี้เป็นยังไง	weather	38
3231363430303432	IN:GET_WEATHER	วันนี้ฉันจะใส่รองเท้าแตะได้ใช่ไหม	weather	38
3231363430303039	IN:GET_WEATHER	สภาพอากาศในเช้าวันจันทร์จะเป็นยังไง	weather	38
3231363339363630	IN:GET_WEATHER	สภาพอากาศที่คาวส์ช่วงสุดสัปดาห์นี้จะดีมั้ย	weather	38
3231363339363030	IN:GET_WEATHER	แสดงพยากรณ์อากาศสำหรับพรุ่งนี้เช้าให้ฉันรู้หน่อย	weather	38
3231363339343339	IN:GET_WEATHER	กรุณาบอกพยากรณ์อากาศในโกลด์โคสต์	weather	38
3231363339333333	IN:GET_WEATHER	พยากรณ์อากาศสำหรับโตเกียวเป็นยังไงบ้าง	weather	38
3231363339323430	IN:GET_WEATHER	อธิบายสภาพอากาศปัจจุบันในเอสเซกซ์	weather	38
3231363339313836	IN:GET_WEATHER	พยากรณ์อากาศในควีนส์แลนด์เป็นอย่างไร	weather	38
3231363339303332	IN:GET_WEATHER	แสดงพยากรณ์อากาศสำหรับ 5 วัน	weather	38
3231363338383435	IN:GET_WEATHER	บอกฉันเกี่ยวกับสภาพอากาศในวันจันทร์ของสัปดาห์หน้า	weather	38
3231363337393733	IN:GET_WEATHER	วันนี้อีกสักพักอากาศจะอุ่นขึ้นไหม	weather	38
3231353938323130	IN:GET_WEATHER	ต้องการ; พยากรณ์อากาศ 5 วัน	weather	38
3231353938313630	IN:GET_WEATHER	พยากรณ์อากาศสำหรับวันหยุดยาวเดือนกรกฎาคม	weather	38
3231353937383831	IN:GET_WEATHER	วันนี้ฉันควรใส่รองเท้ากันฝนไปโรงเรียนไหม	weather	38
3231353937333536	IN:GET_WEATHER	สภาพอากาศตอน 5 ทุ่มเป็นยังไงบ้าง	weather	38
3231353937323635	IN:GET_WEATHER	สภาพอากาศสุดสัปดาห์นี้เป็นยังไง	weather	38
3231353937313637	IN:GET_WEATHER	ข้างนอกหนาวไหม	weather	38
3231353937313037	IN:GET_WEATHER	คืนนี้ฉันจำเป็นต้องใช้ร่มมั้ย	weather	38
3231353936393236	IN:GET_WEATHER	อุณหภูมิในโทรอนโต แคนาดาอยู่ที่เท่าไร	weather	38
3231353936383434	IN:GET_WEATHER	พยากรณ์อากาศสำหรับวันจันทร์หน้าเป็นยังไง	weather	38
3231353936383139	IN:GET_WEATHER	พยากรณ์อากาศในโทรอนโตเป็นยังไงบ้าง	weather	38
3231353539383130	IN:GET_WEATHER	บอกฉันหน่อยว่าสภาพอากาศจะเป็นยังไง	weather	38
3231353539373830	IN:GET_WEATHER	สภาพอากาศข้างนอกตอนนี้เป็นยังไง	weather	38
3231353539373739	IN:GET_WEATHER	สภาพอากาศตอนนี้เป็นยังไง	weather	38
3231353539363239	IN:GET_WEATHER	สภาพอากาศวันนี้เป็นยังไงบ้าง	weather	38
3231353539363135	IN:GET_WEATHER	อากาศข้างนอกเป็นยังไงบ้าง	weather	38
3231353539343536	IN:GET_WEATHER	วันนี้ฉันต้องใส่เสื้อโค้ทไหม	weather	38
3231353539323332	IN:GET_WEATHER	บอกฉันหน่อยว่าสภาพอากาศที่กลาสโกว์วันเสาร์หน้าเป็นยังไง	weather	38
3231353539313134	IN:GET_WEATHER	พรุ่งนี้เช้า 8.00 น. สภาพอากาศที่ลองบีชจะเป็นยังไง	weather	38
3231353539313133	IN:GET_WEATHER	ช่วยบอกสภาพอากาศเวลา 14.00 น. ในโคลอมเบียหน่อยได้ไหม	weather	38
3231353539303331	IN:GET_WEATHER	สภาพอากาศในลอนดอนเวลา 15.00 น. วันพุธหน้า	weather	38
3231353538383431	IN:GET_WEATHER	พยากรณ์อากาศวันจันทร์นี้ในบริสตอลเป็นยังไง	weather	38
3231353538333936	IN:GET_WEATHER	ร้อนขนาดไหนในหน่วยเซลเซียส	weather	38
3231353538323331	IN:GET_WEATHER	ตรวจสอบสภาพอากาศตอน 6 โมงเย็น	weather	38
3231353538323135	IN:GET_WEATHER	ข้างนอกตอนสองโมงจะเป็นยังไง	weather	38
3231353538303933	IN:GET_WEATHER	ใครมีข้อมูลเกี่ยวกับสภาพอากาศในเวลา 19.00 น.	weather	38
3231353537393832	IN:GET_WEATHER	บอกฉันเกี่ยวกับสภาพอากาศในตอนบ่ายนี้	weather	38
3231353537373337	IN:GET_WEATHER	ช่วยอธิบายให้ฉันฟังหน่อยได้ไหมว่าสภาพอากาศในโรดไอแลนด์เป็นยังไง	weather	38
3231353537353737	IN:GET_WEATHER	บอกข้อมูลสภาพอากาศในแคลิฟอร์เนียให้ฉันฟังหน่อย	weather	38
3231353537353330	IN:GET_WEATHER	พยากรณ์อากาศสำหรับเชฟฟิลด์เป็นยังไง	weather	38
3231353537343733	IN:GET_WEATHER	พยากรณ์อากาศสำหรับวันหยุดธนาคารช่วงสุดสัปดาห์เป็นยังไงบ้าง	weather	38
3231353537343436	IN:GET_WEATHER	ฉันอยากรู้ว่าสภาพอากาศช่วงสุดสัปดาห์นี้จะเป็นอย่างไร	weather	38
3231353537333439	IN:GET_WEATHER	สภาพอากาศวันธรรมดาเป็นยังไงบ้าง	weather	38
3231353537323732	IN:GET_WEATHER	แสดงสภาพอากาศสำหรับวันจันทร์และวันอังคารหน้า	weather	38
3231353537323230	IN:GET_WEATHER	อากาศในสุดสัปดาห์นี้เป็นยังไงบ้าง	weather	38
3231353537303437	IN:GET_WEATHER	ฉันขอดูพยากรณ์อากาศสำหรับวันที่ 3 พฤษภาคมหน่อยได้ไหม	weather	38
3231353536383431	IN:GET_WEATHER	สภาพอากาศในช่วงสุดสัปดาห์นี้จะเป็นอย่างไร	weather	38
3231353536383337	IN:GET_WEATHER	สภาพอากาศช่วงระหว่างวันที่ 30 เมษายนถึง 5 พฤษภาคมจะเป็นยังไง	weather	38
3231353536373439	IN:GET_WEATHER	เฮอริเคนในฮาวายเป็นอย่างไรบ้าง	weather	38
3231353536373034	IN:GET_WEATHER	เอาข้อมูลสภาพอากาศที่สเปนให้ฉัน	weather	38
3231353536363738	IN:GET_WEATHER	พยากรณ์อากาศของฮังการี	weather	38
3231353536343432	IN:GET_WEATHER	ฉันต้องการทราบสภาพอากาศในสวีเดน	weather	38
3231353536343330	IN:GET_WEATHER	พยากรณ์อากาศที่เคนย่าเป็นยังไงบ้าง	weather	38
3231353536303635	IN:GET_WEATHER	ไบรตันร้อนแค่ไหน	weather	38
3231353535393931	IN:GET_WEATHER	วันนี้หิมะจะตกบ้างมั้ย	weather	38
3231353535393735	IN:GET_WEATHER	ช่วยดูให้หน่อยได้ไหมว่าพรุ่งนี้มีแดดไหม	weather	38
3230393939343638	IN:GET_WEATHER	แดดจะออกในวันอาทิตย์ไหม?	weather	38
3136333337343831	IN:GET_WEATHER	สถานะของเฮอร์ริเคน Lana	weather	38
3134313539363638	IN:GET_WEATHER	อุณหภูมิที่เซี่ยงไฮ้สุดสัปดาห์นี้ หน่วยเป็นฟาเรนไฮต์	weather	38
3134313539323630	IN:GET_WEATHER	ในสัปดาห์หน้าอุณหภูมิภายในจะต่ำกว่า 77 องศาเซลเซียสใช่หรือไม่	weather	38
3134313539313431	IN:GET_WEATHER	อุณหภูมิแบบฟาเรนไฮต์ของวันพรุ่งนี้	weather	38
3134313539303338	IN:GET_WEATHER	อุณหภูมิที่เซี่ยงไฮ้สัปดาห์หน้าจะอยู่ที่ประมาณ 64 องศาเซลเซียสใช่ไหม	weather	38
3132383135373032	IN:GET_WEATHER	ในพยากรณ์อากาศของสัปดาห์นี้จะมีน้ำแข็งไหม	weather	38
3132383135363236	IN:GET_WEATHER	มีพายุโซนร้อนที่มุ่งหน้าไปทางฟลอริดาไหม	weather	38
3132383135353831	IN:GET_WEATHER	สุดสัปดาห์นี้ เฮเม็ท แคลิฟอร์เนียจะร้อนขนาดไหน	weather	38
3132383135353335	IN:GET_WEATHER	มีการแจ้งเตือนสภาพอากาศว่ายังไงบ้าง	weather	38
3132363231383639	IN:GET_WEATHER	วันนี้หมอกควันหนาไหม	weather	38
3132363138393331	IN:GET_WEATHER	คาดการณ์ว่าลูกเห็บจะใหญ่ขนาดไหน	weather	38
3132363133353537	IN:GET_WEATHER	ฝนจะหยุดตกเมื่อไหร่	weather	38
3132363131353334	IN:GET_WEATHER	ฤดูหิมะตกในทรักกีเริ่มเมื่อไหร่	weather	38
3132363036303234	IN:GET_WEATHER	มีสภาพอากาศที่เลวร้ายในการพยากรณ์ไหม	weather	38
3132363032383234	IN:GET_WEATHER	คาดว่ามรสุมครั้งต่อไปจะเกิดขึ้นเมื่อไร	weather	38
3132363032323532	IN:GET_WEATHER	อุณหภูมิสัปดาห์นี้จะสูงถึงเลข 3 หลักมั้ย	weather	38
3132363030353133	IN:GET_WEATHER	การพยากรณ์อากาศของวันพรุ่งนี้เป็นยังไง	weather	38
3132353934393035	IN:GET_WEATHER	ค่าความชื้นวันนี้อยู่ที่เท่าไร	weather	38
3132353931383730	IN:GET_WEATHER	ตอนนี้พายุในฟีนิกซ์เลวร้ายแค่ไหน	weather	38
3132353839373931	IN:GET_WEATHER	ทางฝั่งตะวันออกใบไม้จะเปลี่ยนสีมากสุดเมื่อไหร่	weather	38
3132353839303832	IN:GET_WEATHER	คืนนี้ฝนจะตกที่นิวยอร์กไหม	weather	38
3132353837373839	IN:GET_WEATHER	คิดว่าควรไปสวนสาธารณะไหม	weather	38
3132353832393235	IN:GET_WEATHER	วันนี้ฝนจะตกไหม	weather	38
3132353738343635	IN:GET_WEATHER	ขอดูพยากรณ์อากาศปัจจุบันสำหรับพื้นที่ของฉันหน่อย	weather	38
3132353735353833	IN:GET_WEATHER	สภาพอากาศในอเมริกาใต้ในเดือนพฤศจิกายน	weather	38
3132353734333132	IN:GET_WEATHER	มีเฮอร์ริเคนในอ่าวเม็กซิโกไหม	weather	38
3132353733303937	IN:GET_WEATHER	ช่วงเดือนกันยายนที่จอร์เจียเป็นยังไงบ้าง	weather	38
3132353732363934	IN:GET_WEATHER	สภาพอากาศในท้องถิ่นเป็นยังไงบ้าง	weather	38
39353832353238	IN:GET_WEATHER	มันจะเย็นยะเยือกมั้ย	weather	38
39353831373635	IN:GET_WEATHER	อุณหภูมิตอน 9 โมงเช้าวันพรุ่งนี้จะเป็นอย่างไร	weather	38
39353831343636	IN:GET_WEATHER	พยากรณ์อากาศในเดสติน ฟลอริดาสุดสัปดาห์หน้าเป็นยังไงบ้าง	weather	38
39353831323332	IN:GET_WEATHER	ฉันควรใส่แจ็คเก็ตไปไหม	weather	38
39353831323232	IN:GET_WEATHER	ฉันต้องตักหิมะตอนเช้ามั้ย	weather	38
39353831303538	IN:GET_WEATHER	สภาพอากาศที่ชายหาดเป็นยังไงบ้าง	weather	38
39353739353630	IN:GET_WEATHER	สภาพอากาศในบราซิลเป็นยังไง	weather	38
39353737383432	IN:GET_WEATHER	สภาพอากาศในฮิวสตันเป็นยังไง	weather	38
39353737323932	IN:GET_WEATHER	ดัชนีรังสีอัลตราไวโอเลตวันนี้เป็นเท่าไร	weather	38
39353736313831	IN:GET_WEATHER	ดึงสภาพอากาศของวันนี้ขึ้นมา	weather	38
39353735373430	IN:GET_WEATHER	สุดสัปดาห์นี้จะร้อนขนาดไหน	weather	38
39353734363934	IN:GET_WEATHER	สภาพอากาศในสิงคโปร์เป็นยังไง	weather	38
39353732343438	IN:GET_WEATHER	พยากรณ์อากาศในช่วง 10 วันจะมีฝนตกมั้ย	weather	38
39353731373830	IN:GET_WEATHER	วันนี้สภาพอากาศข้างนอกจะชื้นมั้ย	weather	38
39353731343230	IN:GET_WEATHER	วันนี้อากาศจะร้อนขนาดไหน	weather	38
39353730353932	IN:GET_WEATHER	อุณหภูมิในเดนเวอร์ตอนนี้อยู่ที่เท่าไหร่	weather	38
39353730353834	IN:GET_WEATHER	หิมะจะตกอีกครั้งเมื่อไร	weather	38
39353730313835	IN:GET_WEATHER	ความชื้นสามารถลดลงต่ำได้ขนาดไหนในช่วงเวลานี้ของปี	weather	38
39353639303330	IN:GET_WEATHER	วันนี้ฝนน่าจะตกมากแค่ไหน	weather	38
39353638323034	IN:GET_WEATHER	วันนี้ฝนจะตกที่เอลิสเบิร์ก เพนซิลเวเนียไหม	weather	38
39353637373737	IN:GET_WEATHER	หน้าหนาวนี้หนาวพอที่จะใส่เสื้อพาร์กาหรือไม่	weather	38
39353637363831	IN:GET_WEATHER	ค่าระดับความชื้นในอากาศวันนี้เท่าไหร่	weather	38
39353634353833	IN:GET_WEATHER	สภาพอากาศในเวกัสสัปดาห์หน้าจะเป็นยังไง	weather	38
39353634323735	IN:GET_WEATHER	อุณหภูมิจะสูงกว่า 80 องศาในช่วงไหนของสัปดาห์นี้	weather	38
39353632363834	IN:GET_WEATHER	ฝนจะตกตลอดทั้งคืนหรือเปล่า	weather	38
39353631323337	IN:GET_WEATHER	วันนี้เด็กๆ ต้องใช้เสื้อกันฝนมั้ย	weather	38
39353630333230	IN:GET_WEATHER	วันนี้ฉันต้องใส่แจ็คเก็ตไหม	weather	38
39353537313238	IN:GET_WEATHER	เราจะต้องเจอปริมาณน้ำฝนกี่นิ้ว	weather	38
39353536393732	IN:GET_WEATHER	วันนี้ที่ชายหาดจะมีลมแรงไหม	weather	38
39353536333036	IN:GET_WEATHER	กรุงนิวยอร์กจะมีหิมะตกมากเท่าไร	weather	38
39353533393637	IN:GET_WEATHER	สภาพอากาศในวันเสาร์เป็นยังไง	weather	38
39353533393533	IN:GET_WEATHER	คืนนี้จะอากาศจะหนาวหรือไม่	weather	38
39353533343534	IN:GET_WEATHER	สภาพอากาศที่แอตแลนตาพรุ่งนี้เช้าจะเป็นยังไง	weather	38
39353533313430	IN:GET_WEATHER	หิมะจะตกในช่วงสุดสัปดาห์นี้มั้ย	weather	38
39353533303238	IN:GET_WEATHER	ข้างนอกอากาศร้อนแค่ไหน	weather	38
39353532353332	IN:GET_WEATHER	พยากรณ์อากาศวันนี้เป็นยังไง	weather	38
39353530393230	IN:GET_WEATHER	สภาพอากาศวันนี้เป็นยังไง	weather	38
39353530393139	IN:GET_WEATHER	ฝนจะตกพรุ่งนี้ตอน 14.00 น. หรือเปล่า	weather	38
39353530333931	IN:GET_WEATHER	สภาพอากาศในวันจันทร์หน้าจะเป็นยังไง	weather	38
39353436393231	IN:GET_WEATHER	วันนี้ฉันต้องใส่แว่นกันแดดไหม	weather	38
39353435363437	IN:GET_WEATHER	สภาพอากาศในฟอร์ต เวย์น ช่วงสุดสัปดาห์นี้เป็นยังไงบ้าง	weather	38
39353435353739	IN:GET_WEATHER	จะไปการแข่งขันบาสเกตบอลในวันเสาร์ - อากาศวันนั้นจะเป็นยังไงบ้าง	weather	38
39353434353433	IN:GET_WEATHER	มีเฮอร์ริเคนในฮาวายไหม	weather	38
39353434323430	IN:GET_WEATHER	ลูกเห็บตกอยู่หรือไม่	weather	38
39353434313239	IN:GET_WEATHER	มีโอกาสที่ฝนจะตกในซานโตรินีหลัง 00.00 น. หรือไม่	weather	38
39353431333737	IN:GET_WEATHER	อาริโซน่าร้อนได้ถึงเท่าไหร่	weather	38
39353431333334	IN:GET_WEATHER	อากาศวันนี้จะอุ่นมั้ย	weather	38
39353430353730	IN:GET_WEATHER	พรุ่งนี้จะมีหิมะตกที่ชิคาโกหรือไม่	weather	38
39353338393138	IN:GET_WEATHER	พรุ่งนี้ลมจะแรงมั้ย	weather	38
39353336303932	IN:GET_WEATHER	อากาศในดัลลัสจะแย่ไหม	weather	38
39353333383333	IN:GET_WEATHER	พรุ่งนี้เราจะเจอพายุฝนฟ้าคะนองหรือไม่	weather	38
39353331363435	IN:GET_WEATHER	พรุ่งนี้หิมะจะตกไหม	weather	38
39353330373636	IN:GET_WEATHER	วันนี้แอฟริกาใต้อากาศร้อนแค่ไหน	weather	38
39353330323933	IN:GET_WEATHER	หิมะจะตกอีกเมื่อไร	weather	38
39353236393533	IN:GET_WEATHER	นิวยอร์ค ซิตี้ อุณหภูมิเท่าไหร่	weather	38
39353236393435	IN:GET_WEATHER	วันนี้มีพายุเข้าไหม	weather	38
39353235343638	IN:GET_WEATHER	สภาพอากาศสัปดาห์หน้าเป็นยังไง	weather	38
39353234303539	IN:GET_WEATHER	สภาพอากาศที่นิวซีแลนด์เป็นยังไง	weather	38
39353233363630	IN:GET_WEATHER	วันนี้ฉันควรพกร่มไปด้วยไหม	weather	38
39353232393930	IN:GET_WEATHER	ฉันควรเอาแจ็คเกตไปทริปที่ซีแอตเติ้ลในช่วงสุดสัปดาห์นี้มั้ย	weather	38
39353230313234	IN:GET_WEATHER	อุณหภูมิในไอดาโฮตอนนี้เท่าไหร่	weather	38
39353230303131	IN:GET_WEATHER	พยากรณ์อากาศสำหรับฟลอริด้าทางใต้เป็นยังไงบ้าง	weather	38
39353137373931	IN:GET_WEATHER	อุณหภูมิตอน 7.00 น. พรุ่งนี้อยู่ที่เท่าไหร่	weather	38
39353137373233	IN:GET_WEATHER	อากาศในไมอามี่เป็นอย่างไรตอนนี้	weather	38
39353137343030	IN:GET_WEATHER	วันนี้ฉันจะใส่กางเกงขายาวหรือขาสั้นดี	weather	38
39353134373431	IN:GET_WEATHER	พายุลูกต่อไปจะมาเมื่อไร	weather	38
39353134353630	IN:GET_WEATHER	เมื่อฉันถึงลอนดอนตอนบ่ายโมงตรง เวลาท้องถิ่น ฝนจะตกมั้ย	weather	38
39353134323832	IN:GET_WEATHER	อุณหภูมิต่ำสุดของคืนนี้น่าจะเป็นเท่าไหร่	weather	38
39353130373139	IN:GET_WEATHER	พายุฟ้าคะนองที่ใกล้ที่สุดอยู่ห่างออกไปเท่าไร	weather	38
39353039323335	IN:GET_WEATHER	พยากรณ์อากาศสำหรับบรุกลินในวันพุธเป็นยังไงบ้าง	weather	38
39353038323435	IN:GET_WEATHER	ฝนจะตกเมื่อไร	weather	38
39353037323139	IN:GET_WEATHER	ปริมาณฝนที่คาดการณ์ในนิวออร์ลีนส์คือเท่าไร	weather	38
39353036363335	IN:GET_WEATHER	วันนี้พายุเข้าไหม	weather	38
39353036303538	IN:GET_WEATHER	อากาศในซานตาอานา รัฐแคลิฟอร์เนียเป็นยังไงบ้าง	weather	38
39353034383033	IN:GET_WEATHER	สภาพอากาศที่หาดเมอร์เทิลตอนบ่าย 3 เป็นยังไงบ้าง	weather	38
39353031383335	IN:GET_WEATHER	ฉันควรเอาครีมกันแดดไปมั้ย	weather	38
39353031373234	IN:GET_WEATHER	สภาพอากาศในคิงสตันเป็นยังไงบ้าง	weather	38
39343939313736	IN:GET_WEATHER	สุดสัปดาห์นี้จะร้อนมั้ย	weather	38
39343939313232	IN:GET_WEATHER	พรุ่งนี้ฉันจะขับรถเปิดประทุนได้ไหม พยากรณ์อากาศว่ายังไงบ้าง	weather	38
39343939303434	IN:GET_WEATHER	อุณหภูมิข้างนอกตอนนี้เป็นยังไง	weather	38
39343937383432	IN:GET_WEATHER	ถ้าฉันไม่เอาแจ็คเกตไปคืนนี้ ฉันจะหนาวมั้ย	weather	38
39343936393634	IN:GET_WEATHER	สภาพอากาศวันพรุ่งนี้เป็นยังไง	weather	38
39343932373834	IN:GET_WEATHER	จะมีไต้ฝุ่นเข้าไต้หวันสัปดาห์หน้าไหม	weather	38
39343932323438	IN:GET_WEATHER	อุณหภูมิข้างนอก	weather	38
39343931313034	IN:GET_WEATHER	ออสเตรเลียร้อนขนาดไหน	weather	38
39343931303834	IN:GET_WEATHER	ฝนจะตกที่ นิว อัลบานี่มั้ย	weather	38
39343931303434	IN:GET_WEATHER	วันนี้ฉันใส่เสื้อเชิ้ตแขนสั้นดีไหม	weather	38
39343930303234	IN:GET_WEATHER	คืนนี้คาดว่าอากาศจะหนาวแค่ไหน	weather	38
39343839343332	IN:GET_WEATHER	วันนี้อุณหภูมิสูงสุดเท่าไร	weather	38
39343839303534	IN:GET_WEATHER	วันนี้ฝนจะตกนานเท่าไหร่	weather	38
39343838393436	IN:GET_WEATHER	สภาพอากาศในโทรอนโตเป็นยังไง	weather	38
39343836393030	IN:GET_WEATHER	สภาพอากาศในฟลอริดาในอีก 5 วันข้างหน้าจะเป็นยังไง	weather	38
39343836303839	IN:GET_WEATHER	คืนนี้อากาศจะเย็นจนต้องใส่เสื้อโค้ทไหม	weather	38
39343835383732	IN:GET_WEATHER	วันอังคารลูกเห็บจะตกหรือไม่	weather	38
39343834343733	IN:GET_WEATHER	ช่วยบอกฉันทีว่าสภาพอากาศวันพรุ่งนี้ที่ดาฟเน แอละบามา จะเป็นยังไง	weather	38
39343834303830	IN:GET_WEATHER	สภาพอากาศที่เอดิสันตอน 10 โมงเช้าเป็นยังไงบ้าง	weather	38
39343833383534	IN:GET_WEATHER	พายุเฮอร์ริเคนจะเข้าที่นี่ไหม	weather	38
39343831383839	IN:GET_WEATHER	ฝนจะเริ่มตกประมาณกี่โมง	weather	38
39343830363637	IN:GET_WEATHER	พรุ่งนี้จะมีลูกเห็บตกไหม	weather	38
39343739303937	IN:GET_WEATHER	สภาพอากาศในสัปดาห์นี้จะอุ่นแค่ไหน	weather	38
39343738343835	IN:GET_WEATHER	คาดการณ์ว่าจะมีหิมะตกในบอสตันในสัปดาห์หน้าหรือไม่	weather	38
39343738303337	IN:GET_WEATHER	บอกพยากรณ์อากาศสัปดาห์นี้ให้ฉัน	weather	38
3232343330373038	IN:GET_WEATHER	ฉันอยากรู้เกี่ยวกับสภาพอากาศตลอดทั้งสัปดาห์	weather	38
3231373033393538	IN:GET_WEATHER	มาฟังสภาพอากาศของรัสเซียกันหน่อย	weather	38
3231363430383135	IN:GET_WEATHER	บอกสภาพอากาศช่วงสุดสัปดาห์นี้ให้ฉันหน่อย	weather	38
3231363430353036	IN:GET_WEATHER	สภาพอากาศข้างนอกนั้นเป็นยังไงบ้าง	weather	38
3231363339393937	IN:GET_WEATHER	สภาพอากาศที่เพิร์ทพรุ่งนี้เป็นยังไงบ้าง	weather	38
3231363339363130	IN:GET_WEATHER	สภาพอากาศที่เกาะกาลาปากอสสำหรับพรุ่งนี้เช้า	weather	38
3231363339343838	IN:GET_WEATHER	บอกฉันหน่อยว่า อากาศที่แทสมาเนียสุดสัปดาห์นี้เป็นยังไง	weather	38
3231363339313636	IN:GET_WEATHER	บอกฉันเรื่องสภาพอากาศที่วิคตอเรีย	weather	38
3231363339303331	IN:GET_WEATHER	แสดงสภาพอากาศสำหรับสัปดาห์หน้าให้ฉันหน่อย	weather	38
3231363338363330	IN:GET_WEATHER	สภาพอากาศที่อาร์เจนตินา ขอบใจ	weather	38
3231363338323435	IN:GET_WEATHER	สภาพอากาศที่อังกฤษ	weather	38
3231353937333833	IN:GET_WEATHER	พยากรณ์อากาศที่ตุรกีเป็นยังไงบ้าง	weather	38
3231353937313232	IN:GET_WEATHER	สภาพอากาศที่เมืองปารีส, ออนแทรีโอหน่อย	weather	38
3231353539373831	IN:GET_WEATHER	สภาพอากาศเป็นยังไงบ้าง	weather	38
3231353539373033	IN:GET_WEATHER	อากาศข้างนอกตอนนี้เป็นยังไงบ้าง	weather	38
3231353539323933	IN:GET_WEATHER	ฝนจะตกตอนบ่าย 3 โมง วันอาทิตย์นี้มั้ย	weather	38
3231353538393533	IN:GET_WEATHER	เอาการพยากรณ์สำหรับเช้าวันที่ 18 พฤษภาคม มาให้ฉันหน่อย	weather	38
3231353538383237	IN:GET_WEATHER	ยอร์คเชียร์ในคืนวันอังคารจะเป็นยังไงบ้าง	weather	38
3231353538373832	IN:GET_WEATHER	เอาข้อมูลให้ฉันเกี่ยวกับสภาพอากาศที่นิวยอร์กในสุดสัปดาห์หน้า	weather	38
3231353538333737	IN:GET_WEATHER	ขอข้อมูลอัปเดตสภาพอากาศตอนบ่าย 3 โมงหน่อย	weather	38
3231353537323735	IN:GET_WEATHER	สภาพอากาศเป็นยังไงในช่วงคริสต์มาส	weather	38
3231353537323532	IN:GET_WEATHER	พยากรณ์ของสุดสัปดาห์นี้ว่ายังไงบ้าง	weather	38
3231353536333436	IN:GET_WEATHER	บอกฉันเกี่ยวกับสภาพอากาศที่ลอนดอน	weather	38
3231353536333137	IN:GET_WEATHER	อุณหภูมิที่เยอรมันคือเท่าไหร่	weather	38
3231353536303835	IN:GET_WEATHER	บอกสภาพอากาศที่มิลานให้ฉันหน่อย	weather	38
3134313539363333	IN:GET_WEATHER	สุดสัปดาห์นี้อุณหภูมิที่ลอนดอนจะหนาวกี่เซลเซียส	weather	38
3134313539363130	IN:GET_WEATHER	คืนนี้สภาพอากาศรอบๆ ปารีสจะเย็นกี่องศาเซลเซียส	weather	38
3132353937373938	IN:GET_WEATHER	คุณช่วยนำเสื้อแจ็คเก็ตบางๆ ไปให้เราในวันหยุดพักผ่อนที่แนชวิลล์, เทนเนสซีสัปดาห์หน้าได้มั้ย	weather	38
3132353837363930	IN:GET_WEATHER	สภาพอากาศที่น้ำตกไอดาโฮในวันศุกร์หน้าเป็นยังไงบ้าง	weather	38
39353738363436	IN:GET_WEATHER	สัปดาห์หน้าฝนจะตกบ้างรึเปล่า	weather	38
39353638303636	IN:GET_WEATHER	วันนี้อากาศอบอุ่นแค่ไหน	weather	38
39353635373034	IN:GET_WEATHER	แสดงรายงานสภาพอากาศ	weather	38
39353539393535	IN:GET_WEATHER	พรุ่งนี้จะหนาวมั้ย	weather	38
39353538303334	IN:GET_WEATHER	สภาพอากาศสุดสัปดาห์นี้จะเป็นยังไงบ้าง	weather	38
39353531383037	IN:GET_WEATHER	ปีนี้ที่นี่จะมีหิมะตกรึเปล่า	weather	38
39353439343937	IN:GET_WEATHER	อุณหภูมิที่เม็กซิโก ซิตี้เท่าไหร่	weather	38
39353336373934	IN:GET_WEATHER	อากาศจะเป็นยังไงในวันเสาร์	weather	38
39353333353037	IN:GET_WEATHER	สุดสัปดาห์นี้ฝนจะตกรึเปล่า	weather	38
39353330343531	IN:GET_WEATHER	วันนี้ฉันจะต้องใช้เสื้อกันฝนมั้ย	weather	38
39353232363333	IN:GET_WEATHER	ฉันควรใส่รองเท้าบูทกันฝนรึเปล่า	weather	38
39353230393833	IN:GET_WEATHER	วันศุกร์สภาพอากาศเป็นยังไงบ้าง	weather	38
39353037323136	IN:GET_WEATHER	สภาพอากาศที่ญี่ปุ่น ในตอนนี้เป็นยังไงบ้าง	weather	38
39353031333338	IN:GET_WEATHER	ความชื้นเป็นยังไง	weather	38
39343935343530	IN:GET_WEATHER	สภาพอากาศที่เซนต์ออกัสตินเป็นยังไงบ้าง	weather	38
39343933333638	IN:GET_WEATHER	ฉันควรนำเสื้อแขนยาวมาด้วยรึเปล่า	weather	38
3231363332373931	IN:UPDATE_ALARM	แก้ไขชื่อนาฬิกาปลุมเป็นอบเค้ก	alarm	39
3231363332313733	IN:UPDATE_ALARM	รีเซ็ตการแจ้งเตือนของฉัน	alarm	39
3231363332313730	IN:UPDATE_ALARM	แก้ไขการแจ้งเตือนของฉันเป็นเวลา 20.00 น.	alarm	39
3231353939333334	IN:UPDATE_ALARM	อัพเดตการแจ้งเตือนของฉันเป็น 11.00 น.	alarm	39
3231353530383332	IN:UPDATE_ALARM	ฉันต้องการอัพเดตการแจ้งเตือน	alarm	39
3231353530373534	IN:UPDATE_ALARM	แก้ไขการแจ้งเตือนการให้อาหารเป็น 4.00 น.	alarm	39
39353735333431	IN:UPDATE_ALARM	เพิ่มเวลา 5 นาทีไปยังการแจ้งเตือน	alarm	39
39343638393335	IN:UPDATE_ALARM	ตั้งนาฬิกาปลุกซ้ำตลอดสัปดาห์	alarm	39
3132353839393235	IN:REPLAY_MUSIC	กลับไปที่เพลงแรกของอัลบั้ม	music	40
39353739383733	IN:REPLAY_MUSIC	ฉันขอฟังรายการนั้นอีกครั้งได้ไหม	music	40
39353633313830	IN:REPLAY_MUSIC	เล่นเพลงใหม่อีกครั้ง	music	40
39353139333936	IN:REPLAY_MUSIC	ช่วยเล่นเพลย์ลิสต์อีกครั้ง	music	40
39353035333434	IN:REPLAY_MUSIC	ฉันอยากฟังเพลงนั้นอีกครั้ง	music	40
39343731323036	IN:REPLAY_MUSIC	ช่วยเล่นเพลงที่กำลังเล่นอยู่อีกครั้ง	music	40
39343637353931	IN:REPLAY_MUSIC	ฉันอยากฟังเพลงนั้นอีกครั้ง	music	40
39353739303131	IN:REPLAY_MUSIC	เล่นเพลงซ้ำตั้งแต่ต้น	music	40
39353736393934	IN:REPLAY_MUSIC	ชอบเพลงนั้น เล่นซ้ำอีก	music	40
3231373530333730	IN:GET_DATE_TIME_EVENT	บอกฉันว่า The Handmade & Reclaimed Market เริ่มเมื่อไร	event	41
3139393837313539	IN:GET_DATE_TIME_EVENT	คอนเสิร์ตในวอลนัทครีกคืนนี้เริ่มกี่โมง	event	41
3231373530323433	IN:GET_DATE_TIME_EVENT	กิจกรรมที่สองจะเริ่มเมื่อไหร่	event	41
3139393739343437	IN:GET_DATE_TIME_EVENT	งานพาเหรดที่ Austin วันพรุ่งนี้มีตอนกี่โมง	event	41
3231373530343039	IN:GET_DATE_TIME_EVENT	ฉันต้องการให้คุณบอกฉันเมื่อเริ่มต้นของกิจกรรมที่สอง	event	41
3232353332373537	IN:CREATE_CALL	โทรหา Irene Powell	calling	42
3232353332373335	IN:CREATE_CALL	โทรหาเทอรี่ เมอเรย์	calling	42
3232353331343332	IN:CREATE_CALL	ฉันอยากโทรหาหมายเลข 555-5419 ด้วยโทรศัพท์ของฉัน	calling	42
3232353331343139	IN:CREATE_CALL	คุณช่วยโทรหา 555-5248 ได้ไหม	calling	42
3232353331333137	IN:CREATE_CALL	กรุณาโทรหา 5558546 บน Skype	calling	42
3232353139323539	IN:CREATE_CALL	โทรหา Paul Wood	calling	42
3232353139323132	IN:CREATE_CALL	โทรหา Ahmed	calling	42
3232353139313238	IN:CREATE_CALL	โทรหาแม็กซ์	calling	42
3232353138353333	IN:CREATE_CALL	คุณช่วยเริ่มวิดีโอคอลกับฮิวโก้ กุซแมน, โดมินิค ดิลลาร์ด และเชลบี้ วอลได้มั้ย	calling	42
3232353138333637	IN:CREATE_CALL	โทรหา Bradley และ Gianna ให้หน่อย	calling	42
3232353138313830	IN:CREATE_CALL	วิดีโอคอลกลุ่มเพื่อนที่ยิมใน Messenger	calling	42
3232353138303631	IN:CREATE_CALL	ฉันต้องการโทรหาพ่อ	calling	42
3232353138303531	IN:CREATE_CALL	เราโทรคุยกับกลุ่มประวัติศาสตร์การทหารใน Whatsapp ได้ไหม	calling	42
3232353138303331	IN:CREATE_CALL	เราจะโทรแบบวิดีโอกับกลุ่ม Salsa บน Whatsapp ได้ไหม	calling	42
3232353137383935	IN:CREATE_CALL	โทรหาการบริหารเงินส่วนบุคคล	calling	42
3232353137383035	IN:CREATE_CALL	ช่วยติดต่อกลุ่มแชร์รถให้ฉันหน่อยได้ไหม	calling	42
3232353038323232	IN:CREATE_CALL	ช่วยเริ่มวิดีโอคอลกับกลุ่มฮอกกี้ของฉันได้ไหม	calling	42
3232353038313236	IN:CREATE_CALL	คุณช่วยโทรหาซาเวียร์ เควิน และไรอันได้ไหม	calling	42
3232343430303334	IN:CREATE_CALL	ติดต่อ Connor	calling	42
3232343430303033	IN:CREATE_CALL	ติดต่อ Silas	calling	42
3232333730373839	IN:CREATE_CALL	โทรหาแม่ของเวสตัน แอบบอตต์	calling	42
3232333730373137	IN:CREATE_CALL	ช่วยโทรหาแฟนของ Greyson ได้ไหม	calling	42
3232333730363837	IN:CREATE_CALL	เริ่มการโทรกับเจราไมอาห์ คุณยายของเฮซุส ลีโอนาร์ด	calling	42
3232333730363530	IN:CREATE_CALL	โทรหายายของ Milo Jenkins	calling	42
3232333730353339	IN:CREATE_CALL	เริ่มโทรหาปู่ของ Rosalie Joseph	calling	42
3232333730353233	IN:CREATE_CALL	โทรหาสามีของ James	calling	42
3232333730353031	IN:CREATE_CALL	โทรหาลุงของ Aubrey Wagner	calling	42
3232333730343430	IN:CREATE_CALL	เริ่มโทรหาหุ้นส่วนของ Emiliano	calling	42
3232333730343131	IN:CREATE_CALL	โทรหาคุณพ่อของ Roman Mueller	calling	42
3232333730343034	IN:CREATE_CALL	โทรหาน้องสาวของ Caroline	calling	42
3232333636343239	IN:CREATE_CALL	โทรหาคุณย่าของฉันผ่าน Whatsapp	calling	42
3232333636303134	IN:CREATE_CALL	โทรหา Oscar Gilmore ผ่าน WhatsApp	calling	42
3232333635393938	IN:CREATE_CALL	โทรหา Michelle Edwards ผ่าน WhatsApp	calling	42
3232333635353833	IN:CREATE_CALL	โทรหาแคลร์ ลูคัส โทรหาอาเลย์น่า มัวร์โดยใช้ Whatsapp	calling	42
3232333635353633	IN:CREATE_CALL	โทรหา Chloe กับ Eduardo ด้วย Whatsapp	calling	42
3232333635333936	IN:CREATE_CALL	โทรหา Londyn Steele จากผู้ติดต่อ Whatsapp ของฉัน	calling	42
3232333635333933	IN:CREATE_CALL	โทรหา Jocelyn Mills ในผู้ติดต่อ Whatsapp	calling	42
3232333635333835	IN:CREATE_CALL	โทรหา Lillian Christian จากผู้ติดต่อ Whatsapp ของฉัน	calling	42
3232333635313239	IN:CREATE_CALL	โทรหาอะมายา ด้วยวิดีโอผ่าน Whatsapp	calling	42
3232333239333239	IN:CREATE_CALL	พวกเราจะโทรหา Gloria Burgess	calling	42
3232333239333038	IN:CREATE_CALL	เราจะโทรหา Gary กันตอนนี้เลย	calling	42
3232313933393035	IN:CREATE_CALL	โทรหา Nico ใน WhatsApp	calling	42
3232313933383031	IN:CREATE_CALL	ใช้ Messenger โทรหา River Robertson	calling	42
3232313933373839	IN:CREATE_CALL	ช่วยใช้ Messenger โทรหา Maxwell Costa ได้ไหม	calling	42
3232313933373234	IN:CREATE_CALL	คุณช่วยใช้ WhatsApp โทรหาเอลิส เบอร์นาร์ดได้มั้ย	calling	42
3232313933373136	IN:CREATE_CALL	ช่วยโทรหา Richard Adams ใน Messenger ได้ไหม	calling	42
3232313933363532	IN:CREATE_CALL	โทรหา Jade Nelson ทาง Messenger	calling	42
3232313933363038	IN:CREATE_CALL	โทรหา Zander Reyes ด้วย Messenger ให้หน่อย	calling	42
3232313536383035	IN:CREATE_CALL	โทรหา Karen ผ่าน Messenger	calling	42
3232313536373938	IN:CREATE_CALL	โทร Hangouts หา Melissa	calling	42
3232313332343839	IN:CREATE_CALL	โทรหาคาร์สันและแฮนเซ่น	calling	42
3232313332343532	IN:CREATE_CALL	โทรหา Suarez และ Davis	calling	42
3232313332323830	IN:CREATE_CALL	โทรหา Ryann Small กับ Callie Mclean	calling	42
3231373538373037	IN:CREATE_CALL	โทรหา Charlie Hill ตอนนี้เลย	calling	42
3231373538353637	IN:CREATE_CALL	ช่วยโทรหา Emily ทันที	calling	42
3231373538333534	IN:CREATE_CALL	โทรหา Lisa สุดท้าย	calling	42
3231373538303633	IN:CREATE_CALL	โทรหา Laura หมายเลขสอง	calling	42
3231373438343132	IN:CREATE_CALL	โทรหา Shaun Nguyen	calling	42
3231373438343037	IN:CREATE_CALL	โทรหา Madalynn Burch	calling	42
3231373330353831	IN:CREATE_CALL	โทร WhatsApp หา Elizabeth	calling	42
3231373236393639	IN:CREATE_CALL	ฉันอยากโทรหาแอนนา	calling	42
3231373236363532	IN:CREATE_CALL	โทรหาลูกพี่ลูกน้องของฉันผ่าน WhatsApp ให้ฉัน	calling	42
3231373236353035	IN:CREATE_CALL	โทรเข้าโทรศัพท์ของ Evelyn	calling	42
3231373234363038	IN:CREATE_CALL	กรุณาโทรหาพวกเขา	calling	42
3231373232323537	IN:CREATE_CALL	เริ่มโทรหา Destiny Collins ผ่าน WhatsApp	calling	42
3231373232313437	IN:CREATE_CALL	โทรหาอุเรียลผ่าน WhatsApp กันเถอะ	calling	42
3231373232313434	IN:CREATE_CALL	โทรหา Athena Sims ด้วย WhatsApp	calling	42
3231373131373331	IN:CREATE_CALL	โทรหา Francy Carrol Briggs	calling	42
3231373131363438	IN:CREATE_CALL	ช่วยโทรหา Gideon Rhett Patel ให้หน่อย	calling	42
3231373131363033	IN:CREATE_CALL	ฉันอยากโทรหา Noah Tobias Ward	calling	42
3231373131353333	IN:CREATE_CALL	ช่วยโทรไปที่บ้าน John Miller ให้หน่อยได้ไหม	calling	42
3231373131343936	IN:CREATE_CALL	โทรหาแคทเธอรีน เอวิง กิ๊บสันให้ฉัน	calling	42
3231373131343533	IN:CREATE_CALL	ฉันอยากโทรหาลอร่า เรย์ โดนัลด์สัน	calling	42
3231373131343239	IN:CREATE_CALL	ฉันต้องการโทรหา James Oconnor Silva	calling	42
3231373131343035	IN:CREATE_CALL	ฉันต้องการโทรหา Jennifer Hooper Zuniga	calling	42
3231373131323838	IN:CREATE_CALL	ช่วยโทรหาเจ้าของให้หน่อย	calling	42
3231373131323639	IN:CREATE_CALL	โทรหาอาร์เอ ลาร์เซ่น	calling	42
3231373131323435	IN:CREATE_CALL	ช่วยโทรหา KL Luna หน่อยได้ไหม	calling	42
3231373131323033	IN:CREATE_CALL	โทรหา C Potts ตอนนี้เลย	calling	42
3231373131303037	IN:CREATE_CALL	โทรหา Paul Rocha Cox	calling	42
3231363735383039	IN:CREATE_CALL	เริ่มการโทรแบบกลุ่ม	calling	42
3231363734373438	IN:CREATE_CALL	โทรหาสตีเฟ่น	calling	42
3231363734363230	IN:CREATE_CALL	กรุณาโทรหาคุณยาย	calling	42
3231363734353439	IN:CREATE_CALL	โทรหา John	calling	42
3231363734333833	IN:CREATE_CALL	โทรหาจอช	calling	42
3231363037343035	IN:CREATE_CALL	โทรหา Samuel X	calling	42
3231363037333533	IN:CREATE_CALL	โทรหาซาร่าห์ ยู	calling	42
3231363037333437	IN:CREATE_CALL	โทรหาเอลิส โอ	calling	42
3231363037323435	IN:CREATE_CALL	โทรหา Delilah พี่น้องของฉัน	calling	42
3231353835313734	IN:CREATE_CALL	คุณช่วยโทรหาพ่อได้ไหม	calling	42
3231353835303532	IN:CREATE_CALL	ต้องการโทรหาหมอฟันตอนนี้	calling	42
3231353436373036	IN:CREATE_CALL	โทรหาพี่สาว Jill	calling	42
3231353436353035	IN:CREATE_CALL	ฉันอยากโทรหา Susan	calling	42
3231353436343337	IN:CREATE_CALL	ฉันอยากให้โทรหา Emma ให้หน่อย	calling	42
3231353436323932	IN:CREATE_CALL	โทรหา Tsvetina	calling	42
3231353436323232	IN:CREATE_CALL	ช่วยโทรหา John ให้หน่อย	calling	42
3231353436313739	IN:CREATE_CALL	ส่งเสียงกริ่งเตือนแม่ของฉันหน่อย	calling	42
3231353436313730	IN:CREATE_CALL	โทรหาพ่อ	calling	42
3231353436303530	IN:CREATE_CALL	โทรหามาเรีย	calling	42
3231353436303332	IN:CREATE_CALL	โทรหาป้าของฉัน	calling	42
3231353436303331	IN:CREATE_CALL	โทรหา Cindie	calling	42
3231353436303036	IN:CREATE_CALL	โทรหา Paul	calling	42
3231353436303034	IN:CREATE_CALL	เริ่มการโทรหาแม่	calling	42
3231353435393639	IN:CREATE_CALL	ฉันต้องการพูดกับนิคกี้	calling	42
3231353435393530	IN:CREATE_CALL	ช่วยโทรหาน้องสาวของฉันให้หน่อย	calling	42
3231353036373432	IN:CREATE_CALL	โทรหาพ่อของ Letitia Lombrana	calling	42
3231353036373336	IN:CREATE_CALL	โทรหาแม่ของ Megan	calling	42
3231353036363430	IN:CREATE_CALL	โทรหาสามีของ Earlean Staine	calling	42
3231353036323138	IN:CREATE_CALL	โทรหาน้าของทาเลีย	calling	42
3231353036323130	IN:CREATE_CALL	โทรหาลูกสาวของแมรี่ เบเกอร์แมน	calling	42
3231353036303933	IN:CREATE_CALL	โทรหาแม่ของ Kindlimann Maribeth	calling	42
3231353035393332	IN:CREATE_CALL	โทรหาแฟนของ Staci Okeke	calling	42
3231353032363936	IN:CREATE_CALL	ติดต่อคุณปู่ของฉัน Yung Marois ให้ฉันหน่อย	calling	42
3231343939333734	IN:CREATE_CALL	โทรหาพนักงานเก็บเอกสาร	calling	42
3231343435323132	IN:CREATE_CALL	ฉันต้องการวิดีโอคอลหา Cindy Ash	calling	42
3231343434303633	IN:CREATE_CALL	ติดต่อเอมิลี่	calling	42
3231333535323139	IN:CREATE_CALL	ตั้งค่าการโทรกับ Nancy Ng	calling	42
3231333535313439	IN:CREATE_CALL	วิดีโอคอลหา Kerry	calling	42
3231333534393039	IN:CREATE_CALL	วิดีโอคอลหาออสติน แองเจลิก้า	calling	42
3231333534353139	IN:CREATE_CALL	ลองโทรหา Nick ให้หน่อยได้ไหม	calling	42
3231333534343238	IN:CREATE_CALL	โทรหา Jackson Brandon	calling	42
3231333534333239	IN:CREATE_CALL	โทรหาพี่ชายที่บ้าน	calling	42
3231333534323838	IN:CREATE_CALL	โทรหาแฟน	calling	42
3231333534323833	IN:CREATE_CALL	โทรหาเจ้าสาว	calling	42
3231333533343236	IN:CREATE_CALL	โทรหาพ่อ	calling	42
3231333532313337	IN:CREATE_CALL	การโทรใหม่ โทรหา Kyle	calling	42
3231333434303431	IN:CREATE_CALL	โทรหากลุ่ม	calling	42
3231333434303335	IN:CREATE_CALL	ตั้งค่าการโทรแบบกลุ่ม	calling	42
3231333432303530	IN:CREATE_CALL	จัดระเบียบการโทรกับครอบครัวของฉัน	calling	42
3231333432303330	IN:CREATE_CALL	โทรหาแม่	calling	42
3231333430313735	IN:CREATE_CALL	สร้างการโทรแบบกลุ่มสำหรับครอบครัว	calling	42
3231333430313134	IN:CREATE_CALL	ติดต่อ Jim เริ่มการโทร	calling	42
3231333339373934	IN:CREATE_CALL	เริ่มโทรหา Cyndy	calling	42
3231333339353532	IN:CREATE_CALL	ฉันต้องโทรหาพ่อของฉัน	calling	42
3231333339353038	IN:CREATE_CALL	โทรหา Susan Tim และ Beverly พร้อมกัน	calling	42
3231333133303938	IN:CREATE_CALL	โทรเข้าโทรศัพท์ของหลาน	calling	42
3231333132373232	IN:CREATE_CALL	ช่วยโทรหาพ่อแม่ของฉันตอนนี้เลย	calling	42
3231333131353830	IN:CREATE_CALL	โทรหาคุณย่า	calling	42
3231333130383238	IN:CREATE_CALL	ช่วยโทรหาพี่น้องให้หน่อย	calling	42
3231333130373037	IN:CREATE_CALL	วิดีโอคอลหาแม่ของฉัน	calling	42
3231333130323331	IN:CREATE_CALL	โทรหา Meg ปู่ของฉัน	calling	42
3231333039393632	IN:CREATE_CALL	โทรหาพี่สาว	calling	42
3231333039373635	IN:CREATE_CALL	โทรหาพ่อเลี้ยง	calling	42
3231333039323533	IN:CREATE_CALL	โทรหาหลานชายของฉันในทูซอน	calling	42
3231303233323738	IN:CREATE_CALL	ต่อสายหาแม่ของฉัน	calling	42
3231303232343638	IN:CREATE_CALL	โทรหาแม่ของฉัน	calling	42
3231303231393331	IN:CREATE_CALL	โทรแบบวิดีโอกับกลุ่มครอบครัว	calling	42
3231303230373631	IN:CREATE_CALL	ส่งวิดีโอคอลให้ครอบครัวของฉัน	calling	42
3231303139393536	IN:CREATE_CALL	วิดีโอคอลหาพ่อแม่ของฉัน	calling	42
3231303139373430	IN:CREATE_CALL	เริ่มวิดีโอคอลกับ Anne	calling	42
3231303139323037	IN:CREATE_CALL	โทรหา Key	calling	42
3231303137353435	IN:CREATE_CALL	โทรหาสายด่วนของ Cleveland Clinic	calling	42
3231303136383939	IN:CREATE_CALL	วิดีโอคอลหา Julie เพื่อนของฉันตอนนี้เลย	calling	42
3231303133373438	IN:CREATE_CALL	เริ่มวิดีโอแชทกับแม่	calling	42
3232353332343532	IN:CREATE_CALL	โทรหามอร์ไรว์ เชวาลิเยร์	calling	42
3232353332343432	IN:CREATE_CALL	โทรหาเรจิน่า จอร์จ	calling	42
3232353331333539	IN:CREATE_CALL	โทร 676-555-5608	calling	42
3232353138373636	IN:CREATE_CALL	ฉันต้องการติดต่อกับทิโมธี	calling	42
3232353138333536	IN:CREATE_CALL	กรุณาโทรหาโลแกน และแบรนดี้	calling	42
3232353138333232	IN:CREATE_CALL	สร้างการพูดคุยทางวิดีโอกับ Trinity, Mya, Kendall และ Uriel	calling	42
3232353138313331	IN:CREATE_CALL	เริ่มต้นการคุยทางวิดีโออย่างมีประสิทธิภาพ	calling	42
3232343339393731	IN:CREATE_CALL	ส่งข้อความหาโคลตัน คิม	calling	42
3232333730383232	IN:CREATE_CALL	โทรหาเดเร็ค พ่อของโนแอล	calling	42
3232333730373031	IN:CREATE_CALL	โทรหาเคย์เด้น น้องสาวของแอชตัน	calling	42
3232333730363934	IN:CREATE_CALL	โทรหาคุณยายของอารอน	calling	42
3232333636303736	IN:CREATE_CALL	โทรหาคาร์เตอร์ ผ่านทาง Whatsapp	calling	42
3232333635323239	IN:CREATE_CALL	โทร Whatsapp เซลา	calling	42
3232333635313831	IN:CREATE_CALL	โทรหาอาย์เด้น พาดิลลา แบบวิดีโอใน Whatsapp	calling	42
3232313933363431	IN:CREATE_CALL	ฉันอยากโทรหาคาลิ ฟ็อกซ์ ใน WhatsApp	calling	42
3232313536373630	IN:CREATE_CALL	โทรหาซูซาน ผ่าน WhatsApp	calling	42
3232313332333035	IN:CREATE_CALL	โทรหายังและริเวร่า	calling	42
3231373538363539	IN:CREATE_CALL	ช่วยโทรหาแอดดิซิน พอลตอนนี้หน่อย	calling	42
3231373538363439	IN:CREATE_CALL	โทรหาไรอัน สมอลล์หน่อย ตอนนี้เลย	calling	42
3231373538353938	IN:CREATE_CALL	กรุณาโทรหาเอ็ดเวิร์ดเดี๋ยวนี้	calling	42
3231373538303830	IN:CREATE_CALL	โทรหาแคโรลิน หมายเลขหนึ่ง	calling	42
3231373538303432	IN:CREATE_CALL	โทรหานาตาลี สาม	calling	42
3231373538303231	IN:CREATE_CALL	โทรหาอลิสสา หมายเลขสาม	calling	42
3231373537393835	IN:CREATE_CALL	โทรหาคอร์บิน สอง	calling	42
3231373330353337	IN:CREATE_CALL	WhatsApp โทรหาคาเรน	calling	42
3132353936373034	IN:GET_SUNSET	วันนี้ที่แอชวิลล์พระอาทิตย์ตกกี่โมง	weather	43
3232343330373738	IN:GET_SUNSET	ข้างนอกจะเริ่มมืดเมื่อใด	weather	43
3231353134363533	IN:GET_SUNSET	พระอาทิตย์ตกที่ไนนธ์ตอนกี่โมง	weather	43
3132353934313432	IN:GET_SUNSET	คืนนี้พระอาทิตย์ตกกี่โมง	weather	43
3132363035323530	IN:GET_SUNSET	พระอาทิตย์ตกในนิวออร์ลีนส์กี่โมง	weather	43
39353239363535	IN:GET_SUNSET	พรุ่งนี้พระอาทิตย์ตกเวลาเท่าไหร่	weather	43
39343834393530	IN:GET_SUNSET	คืนนี้ดวงอาทิตย์จะตกเมื่อไหร่	weather	43
3231373530343935	IN:GET_LOCATION	งาน Comic Con จัดที่ไหน	event	44
3231373530343131	IN:GET_LOCATION	ฉันอยากให้คุณบอกหน่อยว่างานกิจกรรมนี้จัดครั้งล่าสุดที่ไหน	event	44
3231373530333738	IN:GET_LOCATION	Planet Home อยู่ไหน	event	44
3139343332353232	IN:GET_LOCATION	Mariah Carey เกิดที่ไหน	people	44
3138393931373831	IN:GET_LOCATION	ที่ทำงานของ Tara อยู่ที่เมืองอะไร	people	44
3138393837353738	IN:GET_LOCATION	Robert เกิดที่ไหน	people	44
3138393836353538	IN:GET_LOCATION	แซมอาศัยอยู่ที่ไหน	people	44
3138393836323632	IN:GET_LOCATION	ที่อยู่ที่ทำงานของ Jo Nelle คืออะไร	people	44
3138393836313932	IN:GET_LOCATION	Anne อาศัยอยู่ที่ไหน	people	44
3138393835373837	IN:GET_LOCATION	Jill พักอยู่ที่ฟอร์ตลอเดอร์เดลไหม	people	44
3138393835353130	IN:GET_LOCATION	Jason อาศัยอยู่ในริชมอนด์ใช่ไหม	people	44
3138393835343331	IN:GET_LOCATION	Will อาศัยอยู่ที่ไหน	people	44
3138393835333332	IN:GET_LOCATION	John ทำงานที่ Wayne ใช่ไหม	people	44
3138393835313635	IN:GET_LOCATION	Mable อาศัยอยู่ที่ไหน	people	44
3138393834373134	IN:GET_LOCATION	ที่อยู่บ้าน Li	people	44
3138393834353536	IN:GET_LOCATION	เจนนิเฟอร์อาศัยอยู่ที่ชิคาโก้รึเปล่า	people	44
3231373530323838	IN:GET_LOCATION	บอกฉันหน่อยว่า สถานที่จัดงานอีเว้นท์สุดท้ายอยู่ที่ไหน	event	44
3138393836353830	IN:GET_LOCATION	ขอที่อยู่ที่ทำงานของเจสัน	people	44
3231373530343339	IN:GET_LOCATION	ฉันต้องการให้คุณบอกสถานที่สำหรับอีเวนต์นี้	event	44
3231373530333636	IN:GET_LOCATION	บอกที่ตั้งของฟรีอินโทรทูเรกิให้ฉันหน่อย	event	44
3139343333363731	IN:GET_LOCATION	อัล ปาชิโนเติบโตที่ไหน	people	44
3139343333353434	IN:GET_LOCATION	ทอม แบรดดี้ เกิดที่ไหน	people	44
3139343333303736	IN:GET_LOCATION	ตอนนี้ โอเจ ซิมป์สัน อาศัยอยู่ที่ไหน?	people	44
3139343333303637	IN:GET_LOCATION	เมแกน มาร์เคิล มาจากไหน?	people	44
3139343332373630	IN:GET_LOCATION	เมลาเนีย ทรัมป์ เกิดที่ไหน	people	44
3232343533363939	IN:SET_RSVP_NO	ตอบกลับว่าไม่สำหรับงานกิจกรรมที่ห้าได้	event	45
3232343533313630	IN:SET_RSVP_NO	ทำเครื่องหมายว่าฉันไม่ไป NW Indigenous Peoples: Sharing Powwow Ways	event	45
3232343533313336	IN:SET_RSVP_NO	เปลี่ยนสถานะของฉันเป็นไม่ไป สำหรับงานอีเว้นท์ที่ 5	event	45
3232323232313631	IN:SET_RSVP_NO	ฉันไม่สนใจ Plate by Plate อีกต่อไปแล้ว	event	45
3232323232313134	IN:SET_RSVP_NO	ตอบกลับว่าไม่ไป Planet Home	event	45
3232343533313934	IN:SET_RSVP_NO	ตอบรับคำเชิญว่า ไม่ไป เดย์-ทริปล่องเรือที่เกาะเบลก	event	45
3232343533363838	IN:SET_RSVP_NO	ตอบไม่สำหรับ Oktoberfest	event	45
3232343533303237	IN:SET_RSVP_NO	ไม่จอง Two Door Cinema Club	event	45
3231343132373439	IN:DELETE_REMINDER	ลบเลย	reminder	48
3231333932373837	IN:DELETE_REMINDER	ช่วยลบเตือนความจำเกี่ยวกับแมตช์ฟุตบอลของเราหน่อย	reminder	48
3231323338393933	IN:DELETE_REMINDER	ยกเลิกเตือนความจำเรื่องปาร์ตี้ในวันอาทิตย์	reminder	48
3231323335373838	IN:DELETE_REMINDER	ยกเลิกเตือนความจำให้ซื้อนม	reminder	48
3231323334383634	IN:DELETE_REMINDER	ฉันต้องกำหนดตารางการประชุมในวันพรุ่งนี้ใหม่ ดังนั้นช่วยลบเตือนความจำนั้นให้หน่อย	reminder	48
3231323332343939	IN:DELETE_REMINDER	กรุณาลบการแจ้งเตือนเกี่ยวกับการประชุมวันนี้	reminder	48
3231323332343539	IN:DELETE_REMINDER	ลบเตือนความจำเกี่ยวกับการโทรหาพ่อ	reminder	48
3231323331393734	IN:DELETE_REMINDER	ช่วยลบการซื้อของขวัญออกจากรายการสิ่งที่ต้องทำในสัปดาห์หน้าของฉันให้หน่อย	reminder	48
3231323330303932	IN:DELETE_REMINDER	ลบการแจ้งเตือนที่ให้คืนอุปกรณ์สำนักงานในวันพุธ	reminder	48
3231323237303133	IN:DELETE_REMINDER	ลบเตือนความจำให้ต่อสัญญากล่องจดหมายออก	reminder	48
3231323236373532	IN:DELETE_REMINDER	ลบเตือนความจำเกี่ยวกับการกินฮัมมัสในตู้เย็นให้หมด	reminder	48
3231323235333630	IN:DELETE_REMINDER	ลบเตือนความจำสำหรับการท่องเที่ยวด้วยรสบัสสุดสัปดาห์ที่จะถึงนี้	reminder	48
3231323234383232	IN:DELETE_REMINDER	ลบเตือนความจำเกี่ยวกับการซื้ออาหารหมาเพราะสามีของฉันซื้อมาแล้ว	reminder	48
3231323231353239	IN:DELETE_REMINDER	ยกเลิกการแจ้งเตือนทั้งหมดที่ตั้งไว้สำหรับวันที่ 20 ตุลาคม	reminder	48
3231313535373432	IN:DELETE_REMINDER	ยกเลิกเตือนความจำทั้งหมดที่ฉันมีก่อน 9.00 น. วันอาทิตย์	reminder	48
3231313535353636	IN:DELETE_REMINDER	ลบเตือนความจำสำหรับยิมในช่วงที่เหลือของสัปดาห์นี้	reminder	48
3231313535303436	IN:DELETE_REMINDER	ยกเลิกการแจ้งเตือนให้เปลี่ยนน้ำมัน	reminder	48
3231313530353639	IN:DELETE_REMINDER	ลบการแจ้งเตือนเกี่ยวกับอาหารแมว	reminder	48
3231313439393933	IN:DELETE_REMINDER	ลบเตือนความจำทั้งหมดของสัปดาห์หน้า	reminder	48
3231313439343637	IN:DELETE_REMINDER	ลบการแจ้งเตือนให้โทรหาแซมคืนนี้	reminder	48
3231313437373731	IN:DELETE_REMINDER	ฉันไปคอนเสิร์ตไม่ได้แล้ว ยกเลิกการแจ้งเตือน	reminder	48
3231313437373639	IN:DELETE_REMINDER	ลบการแจ้งเตือนให้ไปรับหลานสาวของฉัน	reminder	48
3231333933313839	IN:DELETE_REMINDER	ปิดการแจ้งเตือนที่ฉันตั้งไว้ ให้ไปหาคุณยาย	reminder	48
3231323430353530	IN:DELETE_REMINDER	ลบการแจ้งเตือนเกี่ยวกับ มื้อเย็นของเจย์	reminder	48
3231323337343736	IN:DELETE_REMINDER	ลบการแจ้งเตือนทั้งหมดสำหรับวันอาทิตย์	reminder	48
3231323331333730	IN:DELETE_REMINDER	ลบการแจ้งเตือนของฉัน สำหรับงานแต่งงานของนาตาลี	reminder	48
3231323236313730	IN:DELETE_REMINDER	ช่วยยกเลิกการแจ้งเตือนสำหรับนัดมื้อกลางวันวันอาทิตย์นี้ให้หน่อย เพราะเพื่อนของฉันติดธุระด่วนพอดี	reminder	48
3231323235313537	IN:DELETE_REMINDER	ลบการเตือนปาร์ตี้วันเกิด	reminder	48
3231323233343031	IN:DELETE_REMINDER	ยกเลิกการแจ้งเตือนทั้งหมดที่ฉันมีอยู่	reminder	48
3231323233303334	IN:DELETE_REMINDER	ลบการแจ้งเตือนที่จะต้องส่งอีเมลไปยังโรงเรียนลูกชาย	reminder	48
3231313437363634	IN:DELETE_REMINDER	ยกเลิกการแจ้งเตือนที่ให้ไปรับของขวัญสำหรับงานปาร์ตี้ของแพตตี้	reminder	48
3231313435343239	IN:DELETE_REMINDER	ลบการแจ้งเตือนของฉันที่ให้ ทำความสะอาดบ้าน ตอน 9 โมง	reminder	48
3231313434393835	IN:DELETE_REMINDER	ลบการแจ้งเตือนที่ต้องไปรับน้องสาวของฉัน	reminder	48
3231323339333334	IN:DELETE_REMINDER	ยกเลิกการแจ้งเตือนของฉันให้พาสุนัขไปเดิน	reminder	48
3231323338353636	IN:DELETE_REMINDER	การแจ้งเตือนของฉันเสร็จแล้ว โปรดลบ	reminder	48
3231323337313333	IN:DELETE_REMINDER	ยกเลิกการแจ้งเตือนสำหรับวันพรุ่งนี้	reminder	48
3231323336363136	IN:DELETE_REMINDER	ยกเลิกการเตือนให้ซื้อน้ำส้มคั้นของฉัน	reminder	48
3231323335353031	IN:DELETE_REMINDER	ลบการแจ้งเตือนของฉันทั้งหมด	reminder	48
3231323334393033	IN:DELETE_REMINDER	ลบเตือนความจำเรื่องเดตกับแอชลีย์ในคืนวันเสาร์	reminder	48
3231323332313536	IN:DELETE_REMINDER	ยกเลิกการเตือนสำหรับละครในวันที่ 23 สิงหาคม	reminder	48
3231323332313336	IN:DELETE_REMINDER	ลบการแจ้งเตือนการออกไปปั่นจักรยาน	reminder	48
3231323331393937	IN:DELETE_REMINDER	ฉันไม่ต้องการได้รับการเตือนเกี่ยวกับงานวันเปิดเรียนอีกต่อไป	reminder	48
3231323331393035	IN:DELETE_REMINDER	ยกเลิกการเตือนให้ทำคุ้กกี้สำหรับวันขายขนมวันศุกร์	reminder	48
3232343333323130	IN:CREATE_TIMER	เริ่มตัวจับเวลาโดยให้ทำงาน 5 นาที	timer	49
3232343333313538	IN:CREATE_TIMER	แนะนำนาฬิกาจับเวลาที่ใช้ได้ 7 วินาที	timer	49
3232343330363330	IN:CREATE_TIMER	สร้างตัวจับเวลาตัวหนึ่งเป็นเวลาสิบสองนาที และอีกตัวหนึ่งเป็นเวลา 10 วินาที และอีกตัวหนึ่งเป็นเวลา 60 วินาที	timer	49
3232323930313238	IN:CREATE_TIMER	สร้างนาฬิกาจับเวลาไข่	timer	49
3232323730313837	IN:CREATE_TIMER	ตั้งตัวจับเวลาหกนาทีและตัวจับเวลาเจ็ดนาทีและตัวจับเวลา 30 วินาที	timer	49
3232323530313934	IN:CREATE_TIMER	สร้างตัวจับเวลาสำหรับไข่เป็นเวลา 22 นาที	timer	49
3231363032343038	IN:CREATE_TIMER	ช่วยเริ่มตัวจับเวลาสองตัวให้ฉันหน่อย	timer	49
3230303431383538	IN:CREATE_TIMER	ช่วยตั้งตัวจับเวลาเป็นเวลา 19 เดือนให้หน่อย	timer	49
3136343732313739	IN:CREATE_TIMER	ช่วยตั้งตัวจับเวลาหน่อย	timer	49
3136343035303537	IN:CREATE_TIMER	ตั้งการจับเวลาไว้ 30 นาที ฉันไม่อยากทิ้งยาย้อมผมไว้นานเกินไป	timer	49
3135323937333138	IN:CREATE_TIMER	จับเวลาใน 1 ชั่วโมง	timer	49
3135323936303433	IN:CREATE_TIMER	ตั้งตัวจับเวลาอีกตัวเป็นเวลา 10 นาที	timer	49
3135323934373239	IN:CREATE_TIMER	ตั้งตัวจับเวลาไว้ 30 นาที	timer	49
3135323931393537	IN:CREATE_TIMER	จับเวลา 2 นาที	timer	49
3135323931383732	IN:CREATE_TIMER	จับเวลา 25 นาทีสำหรับเค้ก	timer	49
3135323930333330	IN:CREATE_TIMER	จับเวลา 15 นาที	timer	49
3135323839363332	IN:CREATE_TIMER	ตั้งตัวจับเวลาให้ดังในตอนเช้าตรู่	timer	49
3133373439323238	IN:CREATE_TIMER	คุณช่วยจับเวลาให้ฉันได้มั้ย	timer	49
39353737353637	IN:CREATE_TIMER	ตั้งตัวจับเวลาสำหรับการเดินทางของฉัน	timer	49
39353735333435	IN:CREATE_TIMER	ช่วยตั้งตัวจับเวลาให้เตือนในอีก 20 นาทีได้ไหม	timer	49
39353734333533	IN:CREATE_TIMER	เริ่มตัวจับเวลาตอนนี้เลย	timer	49
39353730393036	IN:CREATE_TIMER	ตั้งตัวจับเวลาเป็นเวลาหนึ่งชั่วโมงเมื่อถึงเวลา 20.00 น.	timer	49
39353635343231	IN:CREATE_TIMER	จับเวลา 2 นาที 30 วินาที	timer	49
39353634303837	IN:CREATE_TIMER	ช่วยเริ่มตัวจับเวลาอีกตัวให้หน่อย	timer	49
39353633313436	IN:CREATE_TIMER	ตั้งตัวจับเวลาเป็นเวลา 15 นาที	timer	49
39353536333835	IN:CREATE_TIMER	ตั้งตัวจับเวลาของฉันตามเวลาปกติให้หน่อย	timer	49
39353533393635	IN:CREATE_TIMER	ฉันต้องการตั้งตัวจับเวลาเป็นเวลา 5 นาที	timer	49
39353530313536	IN:CREATE_TIMER	ตั้งตัวจับเวลาเป็นเวลา 45 วินาที	timer	49
39353430363239	IN:CREATE_TIMER	ตั้งตัวจับเวลาไว้ที่สองชั่วโมง	timer	49
39353331313932	IN:CREATE_TIMER	เริ่มตั้งตัวจับเวลาใหม่เป็นเวลา 20 นาที	timer	49
39353330333531	IN:CREATE_TIMER	กรุณาจับเวลา 3 ชั่วโมง	timer	49
39353233383936	IN:CREATE_TIMER	ตั้งตัวจับเวลาของฉันเป็น 02.00 น.	timer	49
39353233363534	IN:CREATE_TIMER	ตั้งตัวจับเวลาเป็น 40 นาที	timer	49
39353231333739	IN:CREATE_TIMER	ตั้งตัวจับเวลาหนึ่งนาทีให้หน่อย	timer	49
39353135343339	IN:CREATE_TIMER	ตั้งการจับเวลา 1 นาที	timer	49
39353032303337	IN:CREATE_TIMER	ตั้งตัวจับเวลาเป็นเวลา 6 นาที	timer	49
39353030363737	IN:CREATE_TIMER	ตั้งการจับเวลา 33 นาทีและเตือน	timer	49
39343832383736	IN:CREATE_TIMER	ตั้งจับเวลาใหม่ 1 ชั่วโมง	timer	49
39343831343731	IN:CREATE_TIMER	ตั้งตัวจับเวลาเป็นเวลา 11 นาที	timer	49
39343831303632	IN:CREATE_TIMER	ฉันต้องการการจับเวลา 6 นาที	timer	49
39343738333139	IN:CREATE_TIMER	ตั้งตัวจับเวลาเป็นเวลา 15 นาทีอีกครั้ง	timer	49
39343733383735	IN:CREATE_TIMER	ตั้งตัวจับเวลาเป็นเวลา 60 นาที	timer	49
39343732333136	IN:CREATE_TIMER	ตั้งตัวจับเวลาของฉันเป็น 60 นาที	timer	49
3232323930343032	IN:CREATE_TIMER	ตั้งการจับเวลา นำไก่เข้าตู้เย็น	timer	49
3135323938363833	IN:CREATE_TIMER	ตั้งจับเวลา 10 นาที	timer	49
3135323933383030	IN:CREATE_TIMER	ช่วยจับเวลา 4 นาทีหน่อย	timer	49
39353733393032	IN:CREATE_TIMER	ตั้งการจับเวลาออกกำลังกาย 30 นาที	timer	49
39353638333938	IN:CREATE_TIMER	เริ่มต้นจับเวลา 10 นาที	timer	49
39353637323730	IN:CREATE_TIMER	ตั้งเวลาออกกำลังกายเป็นเวลา 20 นาที	timer	49
39353630313339	IN:CREATE_TIMER	เริ่มจับเวลา	timer	49
39353533333231	IN:CREATE_TIMER	ตั้งจับเวลา 2 นาที	timer	49
39353436313931	IN:CREATE_TIMER	ตั้งการจับเวลา พักกลางวัน 15 นาที	timer	49
39343736333532	IN:CREATE_TIMER	ตั้งการจับเวลา 21 นาที	timer	49
3232323930333538	IN:CREATE_TIMER	ตั้งการจับเวลาไว้ 10 วินาที ใช้ชื่อว่ากลั้นหายใจ	timer	49
3231363736353439	IN:UPDATE_METHOD_CALL	เปลี่ยนนี่เป็นการโทรแบบวิดีโอ	calling	51
3231363736333231	IN:UPDATE_METHOD_CALL	เปลี่ยนเป็นวิดีโอคอล	calling	51
3231363736313238	IN:UPDATE_METHOD_CALL	ทำให้เป็นวิดีโอคอล	calling	51
3231363736303332	IN:UPDATE_METHOD_CALL	ช่วยเปลี่ยนวิดีโอคอลเป็นการโทรแบบเสียงให้หน่อย	calling	51
3231353438353232	IN:UPDATE_METHOD_CALL	เปลี่ยนการโทรด้วยเสียงกับ Oskar เป็นวิดีโอคอล	calling	51
3231353438343937	IN:UPDATE_METHOD_CALL	ทำให้การโทรแบบเสียงเป็นวิดีโอคอล	calling	51
3231353336383531	IN:UPDATE_METHOD_CALL	ช่วยเปลี่ยนการโทรแบบเสียงให้เป็นวิดีโอคอลได้ไหม	calling	51
3231353336383138	IN:UPDATE_METHOD_CALL	สลับจากการโทรเป็นวิดีโอคอล	calling	51
3132353638313136	IN:REMOVE_FROM_PLAYLIST_MUSIC	กรุณาลบเพลงปัจจุบัน	music	53
39343731303839	IN:REMOVE_FROM_PLAYLIST_MUSIC	อย่าเล่นเพลงของ Justin Bieber อีก	music	53
39353237313537	IN:REMOVE_FROM_PLAYLIST_MUSIC	ช่วยลบ 5 เพลงแรกออกไปหน่อย	music	53
39343936373638	IN:REMOVE_FROM_PLAYLIST_MUSIC	ลบเพลงจากเพลย์ลิสต์ของฉัน	music	53
39353630353734	IN:REMOVE_FROM_PLAYLIST_MUSIC	ลบเพลงนั้นออกจากเพลย์ลิสต์ของฉัน	music	53
39353233393331	IN:REMOVE_FROM_PLAYLIST_MUSIC	ฉันไม่ต้องการฟังเพลงนั้นอีกเลย	music	53
3232353330343131	IN:GET_CONTACT	ช่วยค้นหา Wesley Valdez ให้ฉันหน่อย	people	54
3232353330333933	IN:GET_CONTACT	คุณช่วยหาเฮลี่ ดายเออร์ได้มั้ย	people	54
3231393232363639	IN:GET_CONTACT	แสดงแอพพลิเคชั่นของเพื่อน	people	54
3231343630393130	IN:GET_CONTACT	แสดงวันเกิดของลูกพี่ลูกน้องคนแรก	people	54
3231343630373838	IN:GET_CONTACT	บอกวันเกิดหลานๆ ครอบครัว Wonderling หน่อย	people	54
3231343630373736	IN:GET_CONTACT	แสดงวันเกิดของพ่อแม่ Lindsay ให้ฉันดูหน่อย	people	54
3231343630373234	IN:GET_CONTACT	มีคนเกิดวันที่ 7 พฤศจิกายนกี่คน	people	54
3231343630363836	IN:GET_CONTACT	เขยหรือสะใภ้คนไหนของครอบครัว Koda เกิดวันศุกร์หน้า	people	54
3231343630363835	IN:GET_CONTACT	ฉันขอดูวันเกิดของป้าของ Kerry Austin หน่อย	people	54
3231343533323532	IN:GET_CONTACT	ใกล้จะถึงวันเกิดของใครบ้าง	people	54
3231313734343031	IN:GET_CONTACT	เพื่อนของฉันเกิดในเดือนธันวาคมกี่คน	people	54
3139393231323836	IN:GET_CONTACT	Kenzie มีพี่สาวน้องสาวไหม	people	54
3139343333363130	IN:GET_CONTACT	มิเชล โอบาม่ามีพี่น้องมั้ย	people	54
3138393834353437	IN:GET_CONTACT	ใครทำงานที่ Wells Fargo	people	54
3138393834353137	IN:GET_CONTACT	ใครทำงานที่ฮูลู	people	54
3138393834333734	IN:GET_CONTACT	บอกฉันว่าใครทำงานที่เบอร์เกอร์ คิง	people	54
3138393834333639	IN:GET_CONTACT	บอกฉันว่าใครทำงานที่อาร์ลิงตัน โตโยต้า	people	54
3138393834333134	IN:GET_CONTACT	ฉันรู้จักใครที่ทำงานที่ npl บ้างไหม	people	54
3138393834323031	IN:GET_CONTACT	ใครทำงานที่ DOE	people	54
3138393833383433	IN:GET_CONTACT	ค้นหาว่าใครทำงานที่ธนาคารบราเดสโก้	people	54
3138393833363534	IN:GET_CONTACT	ใครทำงานที่ Starbucks	people	54
3138393833343630	IN:GET_CONTACT	ฉันมีเพื่อนที่ทำงานที่ธนาคาร Chase Bank ไหม	people	54
3138393833343335	IN:GET_CONTACT	ใครทำงานที่อะมาซอน	people	54
3138393833333437	IN:GET_CONTACT	ใครทำงานกับ Toyota ตอนนี้	people	54
3138393833303033	IN:GET_CONTACT	บอกฉันว่าใครทำงานที่เอ็กซ์เพรสชั่น	people	54
3138393832373538	IN:GET_CONTACT	ใครทำงานกับ Disney World ในขณะนี้	people	54
3138393832363633	IN:GET_CONTACT	ใครที่ทำงานให้กับ Lowes	people	54
3138393832363238	IN:GET_CONTACT	ฉันมีเพื่อนทีเรียนจบจาก Humbolt State ไหม	people	54
3138393832343430	IN:GET_CONTACT	คนที่เคยเรียนที่ University of Nebraska	people	54
3138393832343239	IN:GET_CONTACT	เพื่อนคนไหนเคยเรียนที่ Harvard	people	54
3138393832323237	IN:GET_CONTACT	บอกฉันว่าใครเรียนจบจากพรินซ์ตัน	people	54
3138393831393234	IN:GET_CONTACT	ใครเคยเรียนที่มหาวิทยาลัยบอสตัน	people	54
3138393831363930	IN:GET_CONTACT	มีคนในครอบครัวของฉันคนไหนจบจากเยลไหม	people	54
3138393831333737	IN:GET_CONTACT	มีเพื่อนของฉันคนไหนเรียนที่ UW-Waukesha บ้างไหม	people	54
3138393831323030	IN:GET_CONTACT	เพื่อนคนไหนเคยเรียนที่ KU บ้าง	people	54
3138393831313830	IN:GET_CONTACT	มีเพื่อนของฉันเรียนที่มหาวิทยาลัยโคลัมเบียกี่คน	people	54
3138393831313330	IN:GET_CONTACT	เพื่อนคนไหนของฉันเรียนจบจาก ONU บ้าง	people	54
3138393830323036	IN:GET_CONTACT	รู้จักใครในฝรั่งเศสบ้าง	people	54
3138393830313836	IN:GET_CONTACT	มีเพื่อนของฉันเข้าเรียนที่ Baylor บ้างไหม	people	54
3138393739363138	IN:GET_CONTACT	มีเพื่อนของฉันคนไหนมาจากชิคาโกไหม	people	54
3138393739353630	IN:GET_CONTACT	หมอจัดกระดูกของฉันอยู่ในไทการ์ดหรือเปล่า	people	54
3138393739343738	IN:GET_CONTACT	ฉันรู้จักคนที่อาศัยอยู่ในออสเตรเลียบ้างไหม	people	54
3138393739333937	IN:GET_CONTACT	มีเพื่อนของฉันอาศัยอยู่ในไมอามีบ้างไหม	people	54
3138393739313837	IN:GET_CONTACT	ใครอาศัยอยู่ในโบลเดอร์	people	54
3138393735383735	IN:GET_CONTACT	บอกชื่อเพื่อนของ Mini หน่อย	people	54
3138393735363536	IN:GET_CONTACT	เพื่อนของ Molly	people	54
3138393735363336	IN:GET_CONTACT	ฉันอยากรู้จักเพื่อนของ George	people	54
3138393735323332	IN:GET_CONTACT	เพื่อนของ David	people	54
3138393735313930	IN:GET_CONTACT	Gloria Garcia มีเพื่อนคนไหนที่มีชื่อว่า Emmanuel ในเพจ Facebook ของเธอไหม	people	54
3138393734373831	IN:GET_CONTACT	แสดงเพื่อนของ Juan	people	54
3138393734363434	IN:GET_CONTACT	ใครเป็นเพื่อนของ Jennifer บ้าง	people	54
3138393734343332	IN:GET_CONTACT	เพื่อนของพี่สาวของฉัน	people	54
3138393734313635	IN:GET_CONTACT	ใครคือเพื่อนของ Tina	people	54
3231393232373235	IN:GET_CONTACT	ช่วยแสดงเพื่อนของฉันบนหน้าจอหน่อย	people	54
3231393232363439	IN:GET_CONTACT	ฉันอยากโชว์เพื่อนๆ บนหน้าจอ	people	54
3231343631333738	IN:GET_CONTACT	มีใครที่คุณทีเกิลรู้จักที่เกิดวันที่ 14 ตุลาคมบ้างมั้ย	people	54
3231343631333730	IN:GET_CONTACT	วันที่ 29 กันยายน วันเกิดของใคร	people	54
3231343631313036	IN:GET_CONTACT	มีคนเกิดวันที่ 30 พฤษภาคม 1944 กี่คน	people	54
3231343631303435	IN:GET_CONTACT	แสดงวันเกิดที่กำลังใกล้เข้ามาของยายๆ ของคัลลีทั้งหมด	people	54
3138393833343637	IN:GET_CONTACT	ค้นหาผู้ที่ทำงานกับ โรลส์-รอยซ์	people	54
3138393833313532	IN:GET_CONTACT	ชื่อของคนที่ทำงานที่ Clarus	people	54
3138393832313730	IN:GET_CONTACT	ใครเรียนจบจากมิชิแกน	people	54
3138393831383633	IN:GET_CONTACT	ฉันมีเพื่อนที่เรียนที่บีวายยูบ้างมั้ย	people	54
3138393831343733	IN:GET_CONTACT	มีเพื่อนของฉันคนไหนเรียนจบจาก โอยู บ้างมั้ย	people	54
3138393739383032	IN:GET_CONTACT	ฉันรู้จักใครที่อาศัยอยู่ในเมืองนิวยอร์กบ้างมั้ย	people	54
3138393736303233	IN:GET_CONTACT	เพื่อนของมาริโอ้	people	54
3138393735383931	IN:GET_CONTACT	ใครคือเพื่อนๆ ของฉัน	people	54
3138393735383635	IN:GET_CONTACT	เพื่อนของคอร์ทนีย์	people	54
3232353330343036	IN:GET_CONTACT	ค้นหาจูเลียส รีด	people	54
3231343631353533	IN:GET_CONTACT	แสดงรายการวันเกิดที่ใกล้ถึงของ Von Uncles	people	54
3231343631333232	IN:GET_CONTACT	พ่อตาคนไหนของ Kerry Austin ที่ใกล้จะถึงวันเกิด?	people	54
3231343631313733	IN:GET_CONTACT	แสดงวันเกิดที่ใกล้จะมาถึงของลูก ๆ ซูเลก มีนา คิดดาส	people	54
3231343631303930	IN:GET_CONTACT	พี่สาวต่างพ่อของวาชอนคนไหนที่เกิดวันที่ 19	people	54
3231343630393730	IN:GET_CONTACT	แสดงวันเกิดของหลานสาวรอนนี สโตนแมนที่กำลังจะมาถึงทั้งหมด	people	54
3231343630393533	IN:GET_CONTACT	พ่อของเชอริลล์ รัสส์แนกคนไหนที่เกิดวันที่ 18 มกราคม 1967	people	54
3231343630383939	IN:GET_CONTACT	ในวันที่ 20 ธันวาคมที่จะถึงนี้ มีวันเกิดของใครบ้าง?	people	54
3231343630373035	IN:GET_CONTACT	ขอลิตส์วันเกิดที่จะถึงของ Logan O Dads	people	54
3231313639383836	IN:GET_CONTACT	มีเพื่อนของฉันที่เกิดวันนี้หรือไม่?	people	54
3139393231333637	IN:GET_CONTACT	แสดงข้อมูลใครคือแม่ของเคตี้ คิ๊พสัน	people	54
3139393231323730	IN:GET_CONTACT	หากลูกชายของดานิกา	people	54
3138393934353239	IN:GET_CONTACT	แกรี่เป็นเพื่อนของแมรี่ใช่ไหม	people	54
3138393933343230	IN:GET_CONTACT	ใครทำงานที่การประปา	people	54
3138393834323839	IN:GET_CONTACT	มีใครที่ฉันรู้จักทำงานที่ Arby ไหม?	people	54
3138393834323435	IN:GET_CONTACT	บอกฉันทีว่ามีใครทำงานที่ลัชบ้าง	people	54
3138393833393933	IN:GET_CONTACT	บอกฉันที ว่าใครทำงานให้ Appen?	people	54
3138393833383435	IN:GET_CONTACT	บอกหน่อยว่าใครทำงานที่ร้านเบเกอรี่โปรตุเกส	people	54
3138393833363838	IN:GET_CONTACT	บอกฉันทีว่าใครทำงานที่บริษัทสิ่งพิมพ์	people	54
3138393833353139	IN:GET_CONTACT	ใครทำงานในพาโลอัลโต	people	54
3138393833333538	IN:GET_CONTACT	ใครทำงานที่ forever 21	people	54
3138393832393530	IN:GET_CONTACT	บอกมาว่าใครทำงานที่ Xfinity บ้าง?	people	54
3231363735323933	IN:GET_CALL	ฉันมีสายที่ไม่ได้รับจากพี่สาวของฉันมั้ย	calling	55
3231363735303538	IN:GET_CALL	ค้นหาการโทรเมื่อบ่ายนี้ให้ฉันหน่อย	calling	55
3231363735303238	IN:GET_CALL	วันนี้ฉันมีวิดีโอคอลที่ไม่ได้รับไหม	calling	55
3231363734383132	IN:GET_CALL	แสดงรายการการโทรที่ฉันโทรในวันนี้	calling	55
3231363037373034	IN:GET_CALL	แสดงการโทรที่สำเร็จจาก Jaime ในวันนี้หน่อย	calling	55
3231363037363039	IN:GET_CALL	แสดงรายการการโทรออกของฉันสัปดาห์นี้	calling	55
3231363037353939	IN:GET_CALL	ช่วยฉันหาข้อมูลการโทรออกที่ฉันได้โทรในวันนี้	calling	55
3231363734383733	IN:GET_CALL	แสดงสายที่ไม่ได้รับทุกสายให้ฉันดูหน่อย	calling	55
3231363734363935	IN:GET_CALL	เมื่อวานใครโทรหาฉัน?	calling	55
3231363037363234	IN:GET_CALL	การโทรถึงเกรซครั้งที่ผ่านมา	calling	55
39353632383339	IN:DELETE_PLAYLIST_MUSIC	ลบรายการเล่น	music	57
3138393935353437	IN:GET_INFO_CONTACT	คุณบอกอะไรฉันเกี่ยวกับ เฮเตอร์ บ้างได้มั้ย	people	58
3138393935313630	IN:GET_INFO_CONTACT	ฉันอยากรู้จักแอนดริวมากขึ้น	people	58
3138393934373334	IN:GET_INFO_CONTACT	ฉันขอดูข้อมูลเกี่ยวกับ Ahmed	people	58
3138393934333731	IN:GET_INFO_CONTACT	James คือใคร	people	58
3138393933393438	IN:GET_INFO_CONTACT	กรุณาบอกฉันเกี่ยวกับเคดี้	people	58
3138393933373531	IN:GET_INFO_CONTACT	Vilda คือใคร	people	58
3138393933313439	IN:GET_INFO_CONTACT	ใครคือ Phil	people	58
3138393933313030	IN:GET_INFO_CONTACT	คุณบอกอะไรฉันเกี่ยวกับบ็อบได้บ้าง	people	58
3139343333353439	IN:GET_INFO_CONTACT	คลินต์ อีสต์วูด มีลูกมั้ย	people	58
3138393935313937	IN:GET_INFO_CONTACT	บอกฉันเกี่ยวกับอเล็กซ์	people	58
3138393934353637	IN:GET_INFO_CONTACT	บอกฉันเกี่ยวกับเมษายน	people	58
3138393935343331	IN:GET_INFO_CONTACT	บอกฉันเกี่ยวกับเรมอน	people	58
3138393935313831	IN:GET_INFO_CONTACT	ใครคือลีอาห์	people	58
3138393935303635	IN:GET_INFO_CONTACT	คุณรู้อะไรเกี่ยวกับเคทีบ้าง	people	58
3138393935303031	IN:GET_INFO_CONTACT	เดวิดคือใคร	people	58
3232333731313530	IN:DELETE_TIMER	ลบนาฬิกาจับเวลามันฝรั่งของฉันออก	timer	59
3136343732313130	IN:DELETE_TIMER	ลบบันทึกปัจจุบันเกี่ยวกับตัวจับเวลา	timer	59
39353633303634	IN:DELETE_TIMER	ลบตัวจับเวลาในหนึ่งชั่วโมง	timer	59
39353530353531	IN:DELETE_TIMER	ลบนาฬิกาจับเวลาปัจจุบัน	timer	59
39353437323630	IN:DELETE_TIMER	กรุณายกเลิกนาฬิกาจับเวลาอันนี้	timer	59
3136343338393838	IN:DELETE_TIMER	ยกเลิกการจับเวลา	timer	59
39353631323537	IN:DELETE_TIMER	ลบการจับเวลาทั้งหมด	timer	59
39353135333030	IN:DELETE_TIMER	ยกเลิกการจับเวลาทั้งหมดของฉัน	timer	59
39343733353838	IN:DELETE_TIMER	ลบการจับเวลาการตื่นนอน	timer	59
39353637333832	IN:DELETE_TIMER	ลบตัวจับเวลา	timer	59
39353331323539	IN:DELETE_TIMER	ยกเลิกการจับเวลาต่อไปทั้งหมด	timer	59
3231373234323038	IN:CANCEL_MESSAGE	ยกเลิกข้อความ	messaging	61
3232343436353833	IN:CANCEL_MESSAGE	อย่าส่งให้เบรย์เลน	messaging	61
3138383936373532	IN:GET_RECIPES	ฉันจะทำซุปไก่ยังไง	recipes	62
3138383932333739	IN:GET_RECIPES	สูตรทำพายแอปเปิลที่ง่ายที่สุดคือสูตรไหน	recipes	62
3138383931373939	IN:GET_RECIPES	ฉันขอสูตรชิคเก้น มาซาล่าได้มั้ย	recipes	62
3138383931343436	IN:GET_RECIPES	ค้นหาสูตรเค้กนโปเลียนให้ฉันหน่อย	recipes	62
3138383931323734	IN:GET_RECIPES	สูตรเค้กเรดเวลเวต	recipes	62
3133343635313930	IN:GET_RECIPES	ฉันจะทำแซนวิชชีสย่างได้ยังไง	recipes	62
3133343634333930	IN:GET_RECIPES	พาสต้าทำยังไง	recipes	62
3133343138373034	IN:GET_RECIPES	ฉันกำลังหาสูตรเพสโต	recipes	62
3133343130383136	IN:GET_RECIPES	สูตรอาหารที่ใส่มัทฉะ	recipes	62
3133343130363033	IN:GET_RECIPES	ไวท์ซอสของพิซซ่าทำยังไง	recipes	62
3133323738353534	IN:GET_RECIPES	ขอดูสูตรชิลลี่ คอน คาร์เนหน่อย	recipes	62
3133323738313633	IN:GET_RECIPES	ฉันจะทำแป้งพายได้ยังไง	recipes	62
3133323737373335	IN:GET_RECIPES	ฉันจะทำลาซานญ่าได้ยังไง	recipes	62
3133323737333731	IN:GET_RECIPES	ฉันจะทำลาซัญญาได้ยังไง	recipes	62
3133303534343231	IN:GET_RECIPES	ซุปไก่ทำอะไรได้บ้าง	recipes	62
3133303534343039	IN:GET_RECIPES	ค้นหาสูตรทำสลัดไก่ให้ฉันหน่อย	recipes	62
3132383135323032	IN:GET_RECIPES	ไก่งวงทำยังไง	recipes	62
3132383135313936	IN:GET_RECIPES	ฉันทำกะหล่ำบดอย่างไร	recipes	62
39343632383138	IN:GET_RECIPES	บอกฉันว่าสปาเกตตี้อย่างไร	recipes	62
39343631393639	IN:GET_RECIPES	วิธีทำอาหารเด็กแรกเกิด	recipes	62
39343631373035	IN:GET_RECIPES	ฉันจะทำขนมปังไร้กลูเตนได้ยังไง	recipes	62
39343631363735	IN:GET_RECIPES	สูตรอาหารที่ทำง่ายและใช้เวลาไม่มาก	recipes	62
39343631353734	IN:GET_RECIPES	ฉันต้องการสูตรที่ใช้แตงกวา	recipes	62
39343631333437	IN:GET_RECIPES	คุณทำแป้งพิซซ่ายังไง	recipes	62
39343631303938	IN:GET_RECIPES	ขอดูสูตรอาหารจากแซนซิบาร์	recipes	62
39343630373334	IN:GET_RECIPES	ค้นหาสูตรอาหารที่ใช้มะเขือยาวและไส้กรอกให้ฉันหน่อย	recipes	62
39343630333634	IN:GET_RECIPES	ทำข้าวผัดยังไง	recipes	62
39343630333335	IN:GET_RECIPES	ฉันต้องการสูตรสำหรับหมักสเต็ก	recipes	62
39343630313732	IN:GET_RECIPES	ฉันอยากได้สูตรคัพเค้ก	recipes	62
39343539303137	IN:GET_RECIPES	สูตรอาหารเช้า	recipes	62
39343538303732	IN:GET_RECIPES	สูตรพิซซ่าแป้งบาง	recipes	62
39343538303638	IN:GET_RECIPES	ค้นหาสูตรสำหรับก๋วยเตี๋ยวไก่	recipes	62
39343537383738	IN:GET_RECIPES	วิธีการทำกรีนชิลีเอนชิลาดา	recipes	62
39343537373435	IN:GET_RECIPES	วิธีการทำอาหารง่ายๆ	recipes	62
39343537333234	IN:GET_RECIPES	สูตรทำซุปหัวหอมฝรั่งเศสเป็นยังไง	recipes	62
39343536353839	IN:GET_RECIPES	สูตรการทำอาหารเย็นเพื่อสุขภาพแบบรวดเร็วมีอะไรบ้าง	recipes	62
39343536353834	IN:GET_RECIPES	สูตรอาหารต้นตำรับของเม็กซิโกเป็นยังไง	recipes	62
39343536333736	IN:GET_RECIPES	สูตรสำหรับเค้กเทรเลเชเป็นยังไง	recipes	62
39343536323836	IN:GET_RECIPES	สูตรเริ่มต้นสำหรับชิคเก้น มาซาล่าคืออะไร	recipes	62
39343536303131	IN:GET_RECIPES	สูตรที่ดีสำหรับมีตโลฟเป็นยังไง	recipes	62
39343535373931	IN:GET_RECIPES	สูตรกุ้งคลุกเกลือ	recipes	62
39343535353834	IN:GET_RECIPES	ฉันสามารถเอาไข่ แป้ง แฮม บะหมี่ ชีส และหัวหอมไปทำอะไรได้บ้าง	recipes	62
39343535333431	IN:GET_RECIPES	สูตรที่ดีสำหรับเฟรนช์โทสต์เป็นยังไง	recipes	62
39343534393633	IN:GET_RECIPES	วิธีทำอัลเฟรโดไก่	recipes	62
39343533383435	IN:GET_RECIPES	สูตรไก่พาร์มิซานเป็นยังไง	recipes	62
39343533373230	IN:GET_RECIPES	หาสูตรทำเกี๊ยวจีนให้ฉันหน่อย	recipes	62
39343533373130	IN:GET_RECIPES	ทำนักเก็ตไก่มังสวิรัติยังไง	recipes	62
39343533303637	IN:GET_RECIPES	เครื่องจิ้มสำหรับปาร์ตี้	recipes	62
39343532393638	IN:GET_RECIPES	ค้นหาสูตรทั้งหมด 30 สูตร	recipes	62
39343532353231	IN:GET_RECIPES	ทำแฮมยังไง	recipes	62
39343531383136	IN:GET_RECIPES	คุณทำพอร์ค คาร์นิดัสยังไง	recipes	62
39343531363436	IN:GET_RECIPES	คุณทำไข่เบเนดิกต์ยังไง	recipes	62
39343531353836	IN:GET_RECIPES	ฉันแพ้ถั่ว หาสูตรของหวานให้ฉันหน่อย	recipes	62
39343531313330	IN:GET_RECIPES	ค้นหาสูตรทำเอ็นชิลาดาไก่แบบดั้งเดิม	recipes	62
39343531303431	IN:GET_RECIPES	สูตรคุกกี้ไร้สารกลูเตน	recipes	62
39343530383638	IN:GET_RECIPES	สูตรแซนด์วิชหมูฉีกที่เด็ดที่สุดคืออะไร	recipes	62
39343530353636	IN:GET_RECIPES	ฉันจะทำขอบพิซซ่าได้ยังไง	recipes	62
3138383931393831	IN:GET_RECIPES	วิธีทำซอสพาสต้า	recipes	62
3133343634353836	IN:GET_RECIPES	หาสูตรอกไก่ไม่มีกระดูกให้ฉันหน่อย	recipes	62
3133343130353433	IN:GET_RECIPES	ฉันจะทำไก่ตุ๋นได้ยังไง	recipes	62
3132383135323537	IN:GET_RECIPES	ฉันอยากทำพิซซ่า	recipes	62
39343632393839	IN:GET_RECIPES	หาสูตรอาหารกรีกให้ฉันหน่อย	recipes	62
39343632333532	IN:GET_RECIPES	ฉันต้องการสูตรทำขนมปังกล้วยแบบง่ายๆ	recipes	62
39343538343030	IN:GET_RECIPES	หาสูตรสำหรับทำพอร์คลอยน์	recipes	62
39343537313335	IN:GET_RECIPES	แสดงสูตรสำหรับทำสเต็กให้ฉันหน่อย	recipes	62
39343536333533	IN:GET_RECIPES	ขอสูตรเค้กช็อกโกแลตไร้แป้งหน่อย	recipes	62
39343536323932	IN:GET_RECIPES	หาสูตรอาหารกรีกให้ฉันหน่อย	recipes	62
39343535393737	IN:GET_RECIPES	คุณทำสแปนิช ไรซ์ยังไง	recipes	62
39343534333432	IN:GET_RECIPES	คุณทำแอปเปิ้ลพายยังไง	recipes	62
39343533383535	IN:GET_RECIPES	สูตรทำลาซานญ่า ตั้งแต่เริ่มต้น	recipes	62
39343533333236	IN:GET_RECIPES	สูตรดีๆ สำหรับคุกกี้มะพร้าว	recipes	62
3138383938333333	IN:GET_RECIPES	หาสูตรลาซานย่าซูคินี	recipes	62
3138383937373138	IN:GET_RECIPES	สูตรคีลบาซากับไส้กรอกไก่งวง	recipes	62
3138383936363334	IN:GET_RECIPES	หาขนมปังกรอบเค็มแบบไม่มีกลูเตน	recipes	62
3138383935353131	IN:GET_RECIPES	สูตรอาหารแกงเผ็ดแครอทคั่ว	recipes	62
3138383933373830	IN:GET_RECIPES	อะไรคือตำรับอาหารยอดนิยมในช่องฟู้ด เน็ตเวิร์ค	recipes	62
3231373439383131	IN:GET_CATEGORY_EVENT	เบิร์นนิ่งแมนเป็นงานยังไงเหรอ	event	63
3231373439383137	IN:GET_CATEGORY_EVENT	เทศกาล Autumn Moon Festival เป็นงานแบบไหน	event	63
3231373439383533	IN:GET_CATEGORY_EVENT	กริลด์ชีสกรังด์ปรีซ์คืองานประเภทใด	event	63
3231373439383438	IN:GET_CATEGORY_EVENT	โซลซัมมิตเป็นกิจกรรมประเภทใด?	event	63
3231373439383739	IN:GET_CATEGORY_EVENT	งานฝันหวานเจ้าหญิงนิทราเป็นงานประเภทใด	event	63
3231363735353338	IN:SET_UNAVAILABLE	ตอนนี้ฉันไม่ว่าง	calling	64
3231353437373232	IN:SET_UNAVAILABLE	ตั้งให้ฉันไม่ว่างทางออนไลน์	calling	64
3231333533363233	IN:SET_UNAVAILABLE	ฉันต้องการเปลี่ยนเป็นไม่ได้ใช้งานอยู่ในตอนนี้	calling	64
3231333532313931	IN:SET_UNAVAILABLE	ฉันต้องการตั้งค่าเป็น ไม่ว่าง	calling	64
3231333531343630	IN:SET_UNAVAILABLE	ฉันไม่อยากถูกรบกวน	calling	64
3231333530333731	IN:SET_UNAVAILABLE	ฉันไม่ว่างตอนนี้	calling	64
3231333530333636	IN:SET_UNAVAILABLE	ช่วยตั้งฉันเป็นไม่ว่างให้หน่อย	calling	64
3231333439323138	IN:SET_UNAVAILABLE	ตั้งความพร้อมติดต่อเป็นฉันไม่ว่าง	calling	64
3231333438323930	IN:SET_UNAVAILABLE	ตั้งความพร้อมติดต่อปัจจุบันของฉันเป็นไม่ว่าง	calling	64
3231333438303233	IN:SET_UNAVAILABLE	ตอนนี้ยุ่งมาก	calling	64
3231333438303033	IN:SET_UNAVAILABLE	ตั้งสถานะของฉันเป็นไม่ว่าง	calling	64
3231333435373334	IN:SET_UNAVAILABLE	ตั้งค่าความพร้อมติดต่อของฉันให้เป็นไม่ว่างชั่วคราวสำหรับแม่	calling	64
3231333435343930	IN:SET_UNAVAILABLE	ตั้งความพร้อมติดต่อเป็นไม่ว่าง	calling	64
3231333434333832	IN:SET_UNAVAILABLE	สถานะ: ไม่ว่าง	calling	64
3231333434333739	IN:SET_UNAVAILABLE	ตั้งสถานะเป็นยุ่ง	calling	64
3138383936313736	IN:IS_TRUE_RECIPES	ในผัดไทมีเนยถั่วมั้ย	recipes	66
3133343634393530	IN:IS_TRUE_RECIPES	ฉันต้องตวงส่วนประกอบสำหรับสูตรอาหารไหม	recipes	66
39343632323231	IN:IS_TRUE_RECIPES	มีวิธีการทำเค้กโดยไม่ใช้เตาอบบ้างไหม	recipes	66
39343630373431	IN:IS_TRUE_RECIPES	ฉันจำเป็นต้องใส่มะเขือเทศลงในทาโก้หรือเปล่า	recipes	66
39343536383734	IN:IS_TRUE_RECIPES	พิซซ่ามีคุณค่าทางโภชนาการมากกว่าแฮมเบอร์เกอร์ใช่ไหม	recipes	66
39343532393635	IN:IS_TRUE_RECIPES	ชิคเก้น อัลเฟรโด้มีใส่นมมั้ย	recipes	66
3137353932393936	IN:IS_TRUE_RECIPES	มันโอเคไหมถ้ามีสีชมพูอยู่ในเนื้อหมูนิดหน่อย	recipes	66
3132353534383539	IN:IS_TRUE_RECIPES	นมถั่วเหลืองเป็นวีแกนมั้ย	recipes	66
3132353534363735	IN:IS_TRUE_RECIPES	ใช้แป้งสาลีในการทำเค้กได้มั้ย	recipes	66
39343631393735	IN:IS_TRUE_RECIPES	บรูสเก็ตต้า ใช่ขนมปังปิ้งรึเปล่า	recipes	66
39343631383333	IN:IS_TRUE_RECIPES	มียี่หร่าในจานนี้มั้ย	recipes	66
39343631323836	IN:IS_TRUE_RECIPES	คุณสามารถอบมันฝรั่งด้วยไมโครเวฟได้มั้ย	recipes	66
3138383932303039	IN:IS_TRUE_RECIPES	ใช้ครีมชีสในชีสเค้กไหม	recipes	66
3133343130373137	IN:IS_TRUE_RECIPES	ฉันควรเทน้ำออกจากเส้นพาสต้าก่อนผสมลงในซอส	recipes	66
3133323737373331	IN:IS_TRUE_RECIPES	เบกกิ้งโซดากับผงฟูเหมือนกันไหม	recipes	66
3231353232303833	IN:CREATE_PLAYLIST_MUSIC	สร้างเพลย์ลิสต์ชื่อ เพลงไว้ร้องในรถ	music	67
3231353232313630	IN:CREATE_PLAYLIST_MUSIC	สร้างเพลย์ลิสต์: ช่อง X	music	67
39353539353331	IN:CREATE_PLAYLIST_MUSIC	ตั้งสถานีสำหรับเพลงที่เพิ่งจบไป	music	67
3231353232323338	IN:CREATE_PLAYLIST_MUSIC	สร้างเพลย์ลิสต์ชื่อ: วอล์กไลก์อะแบดแอสส์	music	67
3231323239343435	IN:HELP_REMINDER	ฉันจะลบเตือนความจำของฉันได้ยังไง	reminder	68
3231333439363735	IN:SWITCH_CALL	สับเปลี่ยนสายโทรเลย	calling	69
3231333439313230	IN:SWITCH_CALL	กรุณาสลับการโทร	calling	69
3231333437343835	IN:SWITCH_CALL	ช่วยสลับสายให้หน่อย	calling	69
3231333432313339	IN:SWITCH_CALL	ออกจากสายหนึ่งเพื่อรับอีกสายหนึ่ง	calling	69
3231333531373337	IN:SWITCH_CALL	เริ่มสลับการโทร	calling	69
3231333436393632	IN:SWITCH_CALL	สลับเป็นสายโทรเข้า	calling	69
3231333433313735	IN:SWITCH_CALL	วางสายนี้ รับสายใหม่	calling	69
3231333439373137	IN:SWITCH_CALL	ออกจากการโทรนี้แล้วสลับสาย	calling	69
3231333436383836	IN:SWITCH_CALL	เปลี่ยนไปรับสายที่โทรเข้ามาใหม่	calling	69
3138393930373537	IN:GET_UNDERGRAD	Rachel กำลังเรียนอยู่ที่มหาวิทยาลัยอะไร	people	70
3138393831383033	IN:GET_UNDERGRAD	Sarah เรียบจบจากมหาวิทยาลัยไหน	people	70
39353430323737	IN:RESUME_MUSIC	เล่นแทร็กซ้ำ	music	71
3139343333353736	IN:GET_LIFE_EVENT_TIME	ชาชิ คาปัวร์ตายในปีใด?	people	72
3231363735343435	IN:GET_CALL_TIME	พ่อโทรมาหาฉันตอนกี่โมง	calling	73
3231363735333637	IN:GET_CALL_TIME	ฉันโทรหาพ่อเมื่อตอนกี่โมง	calling	73
3231353437363639	IN:GET_CALL_TIME	เจนวิดีโอคอลมาหาฉันเมื่อไหร่?	calling	73
3231353437303037	IN:GET_CALL_TIME	Simon โทรหาฉันเมื่อไร	calling	73
3231353436383733	IN:GET_CALL_TIME	สามีของฉันวิดีโอคอลมาตอนกี่โมง	calling	73
3231353436383130	IN:GET_CALL_TIME	Jen โทรหาฉันเมื่อไร	calling	73
3231363735333537	IN:GET_CALL_TIME	ฉันวิดีโอแชทกับแซลลี่ไปเมื่อไหร่	calling	73
3231363735313830	IN:GET_CALL_TIME	เวลาของการโทรจากภรรยาของผมคือเวลาใด	calling	73
3232323232373339	IN:UPDATE_TIMER	เปลี่ยนตัวจับเวลาหมักแป้งเป็น 11 นาที	timer	74
39353638383530	IN:UPDATE_TIMER	แก้ไขตัวจับเวลา	timer	74
39353435393037	IN:UPDATE_TIMER	เปลี่ยนตัวจับเวลาที่มีอยู่ให้เหลือ 30 นาที	timer	74
39343734393739	IN:UPDATE_TIMER	เปลี่ยนตัวจับเวลาเป็นสามสิบนาที	timer	74
39343637303437	IN:UPDATE_TIMER	เปลี่ยนนาฬิกาจับเวลาเป็น 5 นาที	timer	74
3232323930323336	IN:UPDATE_TIMER	เปลี่ยนการจับเวลา การทำเนื้อส่วนอก	timer	74
39353830373231	IN:UPDATE_TIMER	เปลี่ยนการจับเวลา 10 เป็น 15	timer	74
3232323232363730	IN:UPDATE_TIMER	กรุณาเปลี่ยนการจับเวลาย้ายไก่เข้าตู้เย็นให้ฉัน	timer	74
3232323232363238	IN:UPDATE_TIMER	กรุณาเปลี่ยนการจับเวลาพาสุนัขเดินเล่นของฉัน	timer	74
3231333533393735	IN:IGNORE_CALL	กรุณาปฏิเสธสายเรียกเข้า	calling	75
3231303135363837	IN:IGNORE_CALL	ไม่สนใจการโทรจาก Ria ญาติของฉัน	calling	75
3231303134393636	IN:IGNORE_CALL	อย่ารับสายจาก Shirley	calling	75
3231303133393835	IN:IGNORE_CALL	อย่ารับสายหลัง 22.00 น.	calling	75
3231333437383535	IN:IGNORE_CALL	ไม่รับสายเรียกเข้าทั้งหมด	calling	75
3231303232343037	IN:IGNORE_CALL	ไม่ต้องรับสายทุกสายจากโดนัลด์ หรือ เอริค	calling	75
3231303137343630	IN:IGNORE_CALL	ส่งข้อความเสียงไปหาแม่	calling	75
3231303136373830	IN:IGNORE_CALL	ไม่รับสายแฟนของฉัน	calling	75
3231303136363334	IN:IGNORE_CALL	ไม่รับสายถัดไป	calling	75
3231333534363331	IN:IGNORE_CALL	โอเค ไม่ต้องรับ	calling	75
3231373034353630	IN:GET_SUNRISE	วันจันทร์ พระอาทิตย์จะตกดินกี่โมง	weather	76
3231373034343332	IN:GET_SUNRISE	ในวันเสาร์พระอาทิตยขึ้นกี่โมง	weather	76
3132353836323637	IN:GET_SUNRISE	พระอาทิตย์ขึ้นพรุ่งนี้เช้าเวลากี่โมง	weather	76
3231353134393639	IN:GET_SUNRISE	พระอาทิตย์ขึ้นตอนกี่โมง	weather	76
3132353933333831	IN:GET_SUNRISE	พระอาทิตย์จะขึ้นตอนกี่โมงในวันศุกร์	weather	76
3231333437343631	IN:ANSWER_CALL	รับสายโทรเข้าใหม่	calling	77
3231333339393938	IN:ANSWER_CALL	รับสาย Mary	calling	77
3231303230303837	IN:ANSWER_CALL	รับสายวิดีโอคอลจาก Debra	calling	77
3231303139343830	IN:ANSWER_CALL	ช่วยรับสายของ Susan ให้หน่อย	calling	77
3231303139333837	IN:ANSWER_CALL	รับทุกสายโทรเข้าจากแฟนของฉัน	calling	77
3231333130313336	IN:ANSWER_CALL	ช่วยรับสายวิดีโอคอลจากลูกพี่ลูกน้องของฉันหน่อย	calling	77
3232353330343533	IN:ANSWER_CALL	คุณช่วยรับสายนี้ให้ฉันได้ไหม	calling	77
3231333535333132	IN:ANSWER_CALL	คุณช่วยรับโทรศัพท์ของออสติน เพทด้วย	calling	77
3231333535313039	IN:ANSWER_CALL	โปรดตอบ On Marina	calling	77
3232353431373639	IN:GET_STORIES_NEWS	คุณช่วยแสดงหนังสือพิมพ์ท้องถิ่นได้มั้ย	news	78
3232353431373136	IN:GET_STORIES_NEWS	อเมริกาวันนี้ ถ่ายทอดสด	news	78
3231353336313733	IN:GET_STORIES_NEWS	เปิดข่าวบน NBC	news	78
3231353336313638	IN:GET_STORIES_NEWS	เปิดข่าวบน CNN	news	78
3231323433333331	IN:GET_STORIES_NEWS	แสดงข่าวจาก The Mail ให้ฉันดูหน่อย	news	78
3231323433333039	IN:GET_STORIES_NEWS	มีข่าวอะไรจาก Google News ไหม	news	78
3231303335323731	IN:GET_STORIES_NEWS	ฉันอยากดูพาดหัวข่าวเกี่ยวกับฆาตกรรม	news	78
3139383539343338	IN:GET_STORIES_NEWS	ขอดูข่าวจาก NPR หน่อย	news	78
3136343034373530	IN:GET_STORIES_NEWS	ล่าสุด Donald Trump ทวิตเกี่ยวกับอะไรที่กลายเป็นข่าว	news	78
3136343034353539	IN:GET_STORIES_NEWS	ค้นหาบทความของ CNN เกี่ยวกับข้อจำกัดในการลงคะแนน	news	78
3136333731343533	IN:GET_STORIES_NEWS	อ่านรายละเอียดเกี่ยวกับทรัมป์เริ่มทำการสอบสวนประเทศจีน	news	78
3136333337373438	IN:GET_STORIES_NEWS	พาดหัวข่าวของ Pix News เมื่อคืนนี้มีอะไรบ้าง	news	78
3135383731343038	IN:GET_STORIES_NEWS	ข่าวด่วนปัจจุบันเป็นเรื่องราวเกี่ยวกับอะไร	news	78
3135333638343136	IN:GET_STORIES_NEWS	ขอดูข่าวเกี่ยวกับโคลทส์หน่อย	news	78
3135333032343038	IN:GET_STORIES_NEWS	อ่านข่าวจาก Crime Tracker 10	news	78
3135333030373439	IN:GET_STORIES_NEWS	ข่าวเด่นของสัปดาห์ที่ผ่านมาคืออะไร	news	78
3135323937393130	IN:GET_STORIES_NEWS	ข่าวมาแรงวันนี้มีอะไรบ้าง	news	78
3135323937383334	IN:GET_STORIES_NEWS	อ่านพาดหัวข่าวให้ฉันฟังหน่อย	news	78
3135323937373034	IN:GET_STORIES_NEWS	ขอข่าวจาก Washington Post หน่อย	news	78
3135323937323037	IN:GET_STORIES_NEWS	พรุ่งนี้ข่าว CBS เริ่มกี่โมง	news	78
3135323935353830	IN:GET_STORIES_NEWS	แจ้งเรื่องราวข่าวต่างๆ จากญี่ปุ่นให้ฉันรู้หน่อย	news	78
3135323934333432	IN:GET_STORIES_NEWS	เรื่องเด่นในเศรษฐกิจวันนี้มีอะไรบ้าง	news	78
3135323930303336	IN:GET_STORIES_NEWS	พาดหัวข่าวล่าสุดของ Fox News คืออะไร	news	78
3135323839353534	IN:GET_STORIES_NEWS	ช่วยอ่านรายงานข่าวเกี่ยวกับสุขภาพหน่อย	news	78
3135323839343539	IN:GET_STORIES_NEWS	มีรายงานพิเศษเกี่ยวกับการค้ามนุษย์มั้ย	news	78
39353832353938	IN:GET_STORIES_NEWS	ข่าว NFL วันนี้	news	78
39353831383035	IN:GET_STORIES_NEWS	เอาพาดหัวข่าวเกี่ยวกับโดนัลด์ ทรัมป์ให้ฉัน	news	78
39353831343332	IN:GET_STORIES_NEWS	อ่านข่าวท้องถิ่นอัปเดต	news	78
39353830323037	IN:GET_STORIES_NEWS	ข่าวเกี่ยวกับการประท้วงในเวอร์จิเนีย	news	78
39353830313136	IN:GET_STORIES_NEWS	เรื่องเด่นมีอะไรบ้าง	news	78
39353737373738	IN:GET_STORIES_NEWS	ฉันอยากฟังข่าวจากเกาหลี	news	78
39353732353139	IN:GET_STORIES_NEWS	เปิดข่าวต่อไป	news	78
39353731333831	IN:GET_STORIES_NEWS	มีข่าวที่เกี่ยวข้องกับ Black Lives Matter หรือไม่	news	78
39353635333837	IN:GET_STORIES_NEWS	พาดหัวข่าวมีอะไรบ้าง	news	78
39353634343330	IN:GET_STORIES_NEWS	ข่าวจากแคลิฟอร์เนียตอนใต้	news	78
39353633363736	IN:GET_STORIES_NEWS	ข่าวบันเทิงยอดนิยม	news	78
39353632393738	IN:GET_STORIES_NEWS	ช่วยแสดงบทความนี้ให้ฉันดูหน่อย	news	78
39353631363333	IN:GET_STORIES_NEWS	อ่านแค่ไฮไลท์	news	78
39353631333837	IN:GET_STORIES_NEWS	อ่านพาดหัวข่าวล่าสุดของ CNN ให้ฉันฟังหน่อย	news	78
39353631333038	IN:GET_STORIES_NEWS	เอาข่าวไหนก็ได้เกี่ยวกับคดี แดเนียล เคลย์ให้กับฉัน	news	78
39353539363737	IN:GET_STORIES_NEWS	ค้นหาข่าวเกี่ยวกับการหย่าของ Angelina Jolie	news	78
39353538313837	IN:GET_STORIES_NEWS	อ่านรายละเอียดเกี่ยวกับโดนัลด์ ทรัมป์	news	78
39353537363838	IN:GET_STORIES_NEWS	มีเรื่องราวใหม่ๆ อะไรในชั่วโมงที่ผ่านมาไหม	news	78
39353535343933	IN:GET_STORIES_NEWS	มีข่าวอะไรเกี่ยวกับ Doctor Who ไหม	news	78
39353534353039	IN:GET_STORIES_NEWS	อัพเดตข่าวเกี่ยวกับชาร์ล็อตส์วิลล์	news	78
39353531333437	IN:GET_STORIES_NEWS	กรุณาอ่านรายละเอียดเกี่ยวกับ ลูกๆ แรกเกิดของบียอนเซ่	news	78
39353439353737	IN:GET_STORIES_NEWS	ข่าวอัพเดทจากแคลิฟอร์เนีย	news	78
39353438313933	IN:GET_STORIES_NEWS	อ่านหน้าแรกของ Wall Street Journal	news	78
39353432323130	IN:GET_STORIES_NEWS	อยากฟังข่าว	news	78
39353430383236	IN:GET_STORIES_NEWS	อ่านพาดหัวข่าวของวอชิงตันโพสต์ให้ฉันฟังหน่อย	news	78
39353336363134	IN:GET_STORIES_NEWS	อัพเดตข่าวเกี่ยวกับ Trump และรัสเซีย	news	78
39353336353137	IN:GET_STORIES_NEWS	อัพเดตข่าวด่วนให้ฉันหน่อย	news	78
39353332323935	IN:GET_STORIES_NEWS	ข่าวเกี่ยวกับความโหดร้ายของตำรวจ	news	78
39353236373237	IN:GET_STORIES_NEWS	พาดหัวข่าวล่าสุดของข่าวตะวันออกกลาง	news	78
39353235393136	IN:GET_STORIES_NEWS	ข่าวท้องถิ่นมีอะไรเกิดขึ้นบ้าง	news	78
39353232323536	IN:GET_STORIES_NEWS	ข่าวล่าสุดเกี่ยวกับการต่อต้านลัทธินับถือคนผิวขาวคืออะไร	news	78
39353231323933	IN:GET_STORIES_NEWS	มีข้อมูลใหม่เกี่ยวกับคดีของ Taylor Swift ไหม	news	78
39353135383931	IN:GET_STORIES_NEWS	มีข่าวเกี่ยวกับ Taylor Swift บ้างไหม	news	78
39353132353938	IN:GET_STORIES_NEWS	เล่าข่าวเกี่ยวกับสงครามต่อต้านการก่อการร้ายให้ฉันฟังหน่อย	news	78
39353039363230	IN:GET_STORIES_NEWS	ข่าวเด่น 4 ข่าวในอเมริกา	news	78
39353039313536	IN:GET_STORIES_NEWS	วันนี้มีข่าวจากทำเนียบขาวบ้างไหม	news	78
39353037383938	IN:GET_STORIES_NEWS	ฉันอยากรู้ข่าว	news	78
39353036303837	IN:GET_STORIES_NEWS	ข่าวเกี่ยวกับ Trump และรัสเซีย	news	78
39353034333136	IN:GET_STORIES_NEWS	ข่าวในลอนดอนในวันนี้มีอะไรบ้าง	news	78
39353033313636	IN:GET_STORIES_NEWS	มีข่าวเกี่ยวกับคอนเสิร์ตในพอร์ตแลนด์หรือไม่	news	78
39353030343530	IN:GET_STORIES_NEWS	อ่านพาดหัวข่าว Fox ข่าว	news	78
39343938333339	IN:GET_STORIES_NEWS	ข่าวปัจจุบันวันนี้มีอะไรบ้าง	news	78
39343934353433	IN:GET_STORIES_NEWS	มีข่าวอะไรจากพรรครีพับลิกันไหม	news	78
39343930373330	IN:GET_STORIES_NEWS	พาดหัวข่าวที่กำลังเป็นกระแส	news	78
39343835353837	IN:GET_STORIES_NEWS	ช่วยอัพเดตข่าวให้ฉันในภายหลังได้ไหม	news	78
39343831333435	IN:GET_STORIES_NEWS	เรื่องเด่นของ CNN มีอะไรบ้าง	news	78
39343831333135	IN:GET_STORIES_NEWS	อ่านข่าวด่วนวันนี้ให้ฉันฟัง	news	78
39343739383534	IN:GET_STORIES_NEWS	มีข่าวล่าสุดเกี่ยวกับการหย่าร้างของ Angelina Jolie และ Brad Pitt บ้างไหม	news	78
39343738353233	IN:GET_STORIES_NEWS	อ่านข่าวรอบๆ เมืองของฉันให้ฟัง	news	78
39343735383738	IN:GET_STORIES_NEWS	มีข่าวอะไรไหม	news	78
39343734373535	IN:GET_STORIES_NEWS	ข่าวเมื่อสัปดาห์ที่แล้วคือข่าวอะไร	news	78
39343734353236	IN:GET_STORIES_NEWS	ข่าววันนี้มีอะไรเกิดขึ้นบ้าง	news	78
39343734343730	IN:GET_STORIES_NEWS	ข่าวฆาตกรในเมืองเดลฟี รัฐอินเดียน่ามีอะไรบ้าง	news	78
39343733323932	IN:GET_STORIES_NEWS	ข่าววันนี้มีอะไรบ้าง	news	78
39343733323235	IN:GET_STORIES_NEWS	อ่านรายละเอียดเกี่ยวกับการพิจารณาคดีของ OJ Simpson	news	78
39343732393938	IN:GET_STORIES_NEWS	อ่านรายละเอียดข่าวฉาวของ Usher ได้ไหม	news	78
39343732333833	IN:GET_STORIES_NEWS	กรุณาแสดงพาดหัวข่าวล่าสุดจาก New York Times	news	78
39343730363537	IN:GET_STORIES_NEWS	มีรายละเอียดของอุบัติเหตุเครื่องบินตกที่เกิดขึ้นในรัฐเวอร์จิเนียไหม	news	78
39343639373430	IN:GET_STORIES_NEWS	ฉันต้องการรายละเอียดเพิ่มเติมเกี่ยวกับคดีของ OJ Simpson	news	78
39343636323236	IN:GET_STORIES_NEWS	ข่าวด่วนเกี่ยวกับคนดัง	news	78
39343636323234	IN:GET_STORIES_NEWS	อ่านพาดหัวข่าวเมื่อวานให้ฉันฟัง	news	78
39343636313231	IN:GET_STORIES_NEWS	เรื่องราวล่าสุดของ CNN มีอะไรบ้าง	news	78
39343635383437	IN:GET_STORIES_NEWS	ขอดูข่าวเกี่ยวกับประเทศเยอรมนีหน่อย	news	78
3136343034343838	IN:GET_STORIES_NEWS	คุณสามารถอัปเดตฉันเรื่องทำเนียบขาวได้มั้ย	news	78
3136333731363137	IN:GET_STORIES_NEWS	รายละเอียดของการเลือกตั้งคืออะไร	news	78
3136333731333436	IN:GET_STORIES_NEWS	อัปเดตใน การแจ้งเตือนแอมเบอร์	news	78
3136333337373939	IN:GET_STORIES_NEWS	ช่วยเล่าข่าวจากทั่วโลกที่ตรงกับความชอบของฉันหน่อย	news	78
3135333031333430	IN:GET_STORIES_NEWS	ฉันอยากรู้รายละเอียดเพิ่มเติมเกี่ยวกับเรื่องที่เกิดขึ้นในชาร์ลอตส์วิลล์	news	78
3135333031323531	IN:GET_STORIES_NEWS	อ่านข่าวเรื่องที่ได้รับความนิยมสูงสุดให้ฉันฟังหน่อย	news	78
3135323937303830	IN:GET_STORIES_NEWS	ขอรายละเอียดเกี่ยวกับประเด็นล่าสุดกับเกาหลีเหนือ	news	78
3135323932313137	IN:GET_STORIES_NEWS	มีเรื่องเด่นอะไรในช่องฟ็อกซ์บ้าง	news	78
3135323930343435	IN:GET_STORIES_NEWS	อ่านพาดหัวข่าวยอดฮิต	news	78
3135323839313034	IN:GET_STORIES_NEWS	อ่านเรื่องเด่นต่างประเทศให้ฉันฟังหน่อย	news	78
3135323839303030	IN:GET_STORIES_NEWS	ขอทราบพาดหัวข่าวดังในท้องถิ่นสามอันดับแรก	news	78
39353831313437	IN:GET_STORIES_NEWS	อัปเดตข่าวกีฬาให้ฟังหน่อย	news	78
39353738393030	IN:GET_STORIES_NEWS	สร้างพาดหัวข่าวหรอ	news	78
39353735313635	IN:GET_STORIES_NEWS	ข่าวล่าสุดในวัฒนธรรมพอป	news	78
39353635383031	IN:GET_STORIES_NEWS	แสดงข่าวจากยุโรป	news	78
39353633393930	IN:GET_STORIES_NEWS	ข่าววันนี้มีอะไรบ้าง	news	78
39353435333837	IN:GET_STORIES_NEWS	วันนี้มีข่าวอะไรที่สำคัญบ้างมั้ย	news	78
39353236353631	IN:GET_STORIES_NEWS	วันนี้มีเรื่องเด่นอะไรบ้างใน ซิตี้เซนส์-ไทมส์	news	78
39353231313035	IN:GET_STORIES_NEWS	พาดหัวข่าวของซีเอ็นเอ็น มีอะไรบ้าง	news	78
39353034353931	IN:GET_STORIES_NEWS	เมื่อเร็วๆ นี้มีข่าวเกี่ยวกับบารัค โอบามาบ้างมั้ย	news	78
39353030383838	IN:GET_STORIES_NEWS	เรื่องเด่นเกี่ยวกับนครนิวยอร์ก ซิตี้	news	78
39343936333937	IN:GET_STORIES_NEWS	พาดหัวข่าวในวันนี้มีอะไรบ้าง	news	78
39343736313831	IN:GET_STORIES_NEWS	ค้นหาข่าวเกี่ยวกับรัสเซีย	news	78
39343735333138	IN:GET_STORIES_NEWS	มีข่าวเกี่ยวกับซีเรียบ้างมั้ย	news	78
3232323236323931	IN:GET_STORIES_NEWS	รายงานข่าวจาก newsy	news	78
3231373538383838	IN:GET_STORIES_NEWS	ไปที่ Fox News	news	78
3231323433333332	IN:GET_STORIES_NEWS	แสดงข่าวจาก The Guardian	news	78
3232353139323333	IN:UPDATE_CALL	เพิ่ม Sarah เข้ามาในสายด้วย	calling	79
3232313330353632	IN:UPDATE_CALL	Kelly ได้เริ่มการโทรแบบกลุ่มแล้วหรือยัง	calling	79
3231363736303636	IN:UPDATE_CALL	เพิ่ม Steve เข้ามาในการโทรนี้	calling	79
3231363735373631	IN:UPDATE_CALL	เอาบิลออกจากการโทรนี้เดี๋ยวนี้	calling	79
3231363039383132	IN:UPDATE_CALL	กรุณาเพิ่ม ฮวาคิน คุเคาส์คาส	calling	79
3231363039383030	IN:UPDATE_CALL	ช่วยเพิ่ม Abby เข้ามาหน่อยได้ไหม	calling	79
3231363039373937	IN:UPDATE_CALL	ช่วยเพิ่ม Melanie เข้าไปหน่อย	calling	79
3231353438343837	IN:UPDATE_CALL	เรียก John มาคุยหน่อย	calling	79
3231353336343838	IN:UPDATE_CALL	ลบสามีออกจากการโทร	calling	79
3231333938383231	IN:UPDATE_CALL	ช่วยเพิ่ม Kelly ไปยังวิดีโอคอลให้หน่อย	calling	79
3231333430393036	IN:UPDATE_CALL	ขอสาย Jesse หน่อย	calling	79
3231333430363530	IN:UPDATE_CALL	ฉันต้องการเพิ่มแม่เข้ามาในการโทร	calling	79
3231333339373133	IN:UPDATE_CALL	กรุณาเชิญซาร่าเข้าสู่การโทร	calling	79
3231333131373931	IN:UPDATE_CALL	เพิ่มแม่เลี้ยงของฉันไปยังการโทรนี้	calling	79
3231333131333137	IN:UPDATE_CALL	เชิญลูกเข้าสู่การโทรนี้	calling	79
3231333131333133	IN:UPDATE_CALL	เพิ่มภรรยาเข้ามาในการโทรนี้	calling	79
3231333131303537	IN:UPDATE_CALL	เพิ่มพี่สาวไปยังการโทร	calling	79
3231333130313236	IN:UPDATE_CALL	เชื่อมต่อคุณปู่เข้าสู่การโทรปัจจุบัน	calling	79
3231333039363635	IN:UPDATE_CALL	เพิ่มปู่ในสายโทรปัจจุบันหน่อย	calling	79
3231333039313636	IN:UPDATE_CALL	เพิ่มน้องสาวของฉันเข้ามาในการโทร	calling	79
3231303231353131	IN:UPDATE_CALL	ดึง Bob เข้าร่วมการโทรนี้	calling	79
3231303137333836	IN:UPDATE_CALL	เพิ่มสเตฟานี่เข้าการโทรนี้	calling	79
3231333534323836	IN:UPDATE_CALL	ฉันต้องการให้คุณรวมผู้จัดการเข้ามาในการโทรด้วย	calling	79
3231333533353536	IN:UPDATE_CALL	ส่งคำเชิญไปหาบ็อบสำหรับการโทรนี้	calling	79
3231333431323933	IN:UPDATE_CALL	ชวนแม่เข้ามาคุยด้วยกัน	calling	79
3231333430393830	IN:UPDATE_CALL	ให้นิโคลเข้าร่วมการโทรนี้	calling	79
3231333339363433	IN:UPDATE_CALL	ให้เกล็นด้าเข้าร่วมในการโทรนี้	calling	79
3232353139323235	IN:UPDATE_CALL	ลบพี่ชายของฉันออกจากการโทรนี้	calling	79
3232313330363134	IN:UPDATE_CALL	ลบซามูเอลจากการโทรนี้	calling	79
3232313330363130	IN:UPDATE_CALL	ยกเลิกเมอร์ฟี่ออกจากการโทรกลุ่ม	calling	79
3231363736343331	IN:UPDATE_CALL	เพิ่มเกรซในการสนทนาของเรา	calling	79
3231363735393338	IN:UPDATE_CALL	เพิ่มแมเรียนลงในกลุ่มโทร	calling	79
3231363039383532	IN:UPDATE_CALL	ช่วยเพิ่ม Reva Radomski ได้รึเปล่า	calling	79
3231363039383238	IN:UPDATE_CALL	เพิ่มในมาร์กีย์ เบิร์ตส์ชี	calling	79
3231353438353435	IN:UPDATE_CALL	ลบแม่และพี่สาวของฉันออกจากการโทรครั้งนี้	calling	79
3231353438343537	IN:UPDATE_CALL	เพิ่มพ่อของฉันกับน้องสาวของฉันเข้าในวิดีโอแชทนี้	calling	79
3138393934343034	IN:GET_AGE	John อายุเท่าไร	people	80
3138393839303336	IN:GET_AGE	พ่อสามีของฉันอายุเท่าไร	people	80
3138393838373733	IN:GET_AGE	Ben อายุเท่าไร	people	80
3138393838363736	IN:GET_AGE	Floyd อายุเท่าไร	people	80
3138393838313130	IN:GET_AGE	Jo Nelle อายุเท่าไร	people	80
3138393837383135	IN:GET_AGE	ซูกำลังจะอายุเท่าไหร่	people	80
3138393837373639	IN:GET_AGE	รู้ไหมว่า Sam อายุเท่าไร	people	80
3138393837353335	IN:GET_AGE	Chris อายุเกิน 45 แล้วหรือยัง	people	80
3132363130313939	IN:PREVIOUS_TRACK_MUSIC	ช่วยเล่นแทร็กสุดท้ายอีกครั้ง	music	81
3132353634363333	IN:PREVIOUS_TRACK_MUSIC	กรุณาเล่นเพลงที่แล้วซ้ำ	music	81
39353331313237	IN:PREVIOUS_TRACK_MUSIC	ฉันต้องการเล่นซ้ำเพลงก่อนหน้า	music	81
3136383737333330	IN:PREVIOUS_TRACK_MUSIC	กลับไปที่เพลงก่อนหน้า	music	81
39353037363839	IN:PREVIOUS_TRACK_MUSIC	ย้อนกลับไปหนึ่งหรือสองเพลง	music	81
39353037323131	IN:PREVIOUS_TRACK_MUSIC	ฉันอยากฟังเพลงสุดท้ายอีกครั้ง	music	81
39353037313834	IN:PREVIOUS_TRACK_MUSIC	เล่นซ้ำเพลงล่าสุดด้วย	music	81
39353036303038	IN:PREVIOUS_TRACK_MUSIC	คุณช่วยเล่นเพลงที่แล้วอีกครั้งได้ไหม	music	81
39343530353830	IN:PREVIOUS_TRACK_MUSIC	เล่นเพลงสุดท้ายอีกครั้งทันที	music	81
39353138383135	IN:SUBTRACT_TIME_TIMER	ช่วยลบ 1 ชั่วโมงออกจากตัวจับเวลาของฉันหน่อย	timer	82
39353134373735	IN:SUBTRACT_TIME_TIMER	ลดเวลา 15 นาทีจากตัวจับเวลา	timer	82
39343832383931	IN:SUBTRACT_TIME_TIMER	ลดเวลา 11 นาทีจากตัวจับเวลา	timer	82
3232333437383234	IN:SUBTRACT_TIME_TIMER	ลดเวลาจากการจับเวลามะกะโรนีลง 20 นาที	timer	82
3232333437373930	IN:SUBTRACT_TIME_TIMER	เอาออกสิบสองนาทีจากตัวจับเวลาการอ่าน	timer	82
3232313136343538	IN:SUBTRACT_TIME_TIMER	ลบการจับเวลาของฉันออกหนึ่งนาที	timer	82
3136343035303134	IN:SUBTRACT_TIME_TIMER	หักเวลาออก 10 นาทีจากการจับเวลา	timer	82
3135333031353838	IN:SUBTRACT_TIME_TIMER	ลดเวลาลง 1 ชั่วโมงจากการจับเวลาของฉัน	timer	82
3135333030313533	IN:SUBTRACT_TIME_TIMER	ลดเวลาลง 10 นาทีจากการจับเวลาของวันนี้	timer	82
39353633333139	IN:SUBTRACT_TIME_TIMER	ลบ 30 นาทีจากตัวจับเวลาของฉัน	timer	82
3132363135383431	IN:QUESTION_MUSIC	ศิลปินคนนี้จะทัวร์คอนเสิร์ตอีกรอบเมื่อไหร่	music	83
3132353634393233	IN:QUESTION_MUSIC	เพลงของใครฮิตติดชาร์ตอยู่ตอนนี้	music	83
39353337323034	IN:QUESTION_MUSIC	เพลย์ลิสต์ Spotify ของฉันมีอะไรบ้าง	music	83
3132353933323232	IN:QUESTION_MUSIC	อัลบั้มอันดับ 1 จาก 40 อัลบั้มของสัปดาห์นี้คืออะไร	music	83
3231363336393438	IN:SILENCE_ALARM	ปิดนาฬิกาปลุก!	alarm	85
3231363032323737	IN:SILENCE_ALARM	ปิดเสียง	alarm	85
3231363032323431	IN:SILENCE_ALARM	ไม่ต้องตั้งนาฬิกาปลุกอีก	alarm	85
3231353535363139	IN:SILENCE_ALARM	ปิดการแจ้งเตือน	alarm	85
3231353535343337	IN:SILENCE_ALARM	ปิดเสียงการแจ้งเตือนของฉัน	alarm	85
39353539303639	IN:SILENCE_ALARM	ปิดการแจ้งเตือนของฉัน	alarm	85
39353336303339	IN:SILENCE_ALARM	ปิดการแจ้งเตือนล่าสุดของฉัน	alarm	85
3231363336383030	IN:SILENCE_ALARM	ไม่ใช่ตอนนี้	alarm	85
3231363032313131	IN:SILENCE_ALARM	ช่วยปิดการแจ้งเตือนของฉันหน่อย	alarm	85
3231353535363834	IN:SILENCE_ALARM	ทำให้นาฬิกาปลุกเงียบ	alarm	85
39343733353232	IN:SILENCE_ALARM	ช่วยปิดเสียงนาฬิกาปลุกให้หน่อย	alarm	85
3232343330343935	IN:CREATE_ALARM	ตั้งนาฬิกาปลุกเวลา 20.45 น.	alarm	87
3232333238363734	IN:CREATE_ALARM	ตั้งการแจ้งเตือนเป็นเวลา 25 นาทีนับจากนี้	alarm	87
3232313432333230	IN:CREATE_ALARM	ช่วยเปิดการแจ้งเตือนสำหรับเวลา 7.30 น. ให้หน่อย	alarm	87
3232313432333135	IN:CREATE_ALARM	สลับเปิดการแจ้งเตือนของฉันในเวลา 10.00 น	alarm	87
3232313432323332	IN:CREATE_ALARM	คุณช่วยตั้งนาฬิกาปลุกในอีก 1 นาทีนับจากตอนนี้ได้มั้ย	alarm	87
3231363337343134	IN:CREATE_ALARM	การแจ้งเตือนใหม่	alarm	87
3231363337343038	IN:CREATE_ALARM	ฉันอยากได้นาฬิกาปลุกใหม่	alarm	87
3231363337333134	IN:CREATE_ALARM	ตั้งการแจ้งเตือนให้ฉันหน่อย	alarm	87
3231363337323631	IN:CREATE_ALARM	ฉันไปประชุมพรุ่งนี้สายไม่ได้	alarm	87
3231363337313830	IN:CREATE_ALARM	กรุณาตั้งนาฬิกาปลุก	alarm	87
3231363336343930	IN:CREATE_ALARM	สร้างการแจ้งเตือนใหม่สำหรับเวลา 14.00 น. วันพุธ	alarm	87
3231363336343736	IN:CREATE_ALARM	ช่วยปลุกฉันตอน 9.00 น.	alarm	87
3231363336343534	IN:CREATE_ALARM	ช่วยปลุกฉันเวลา 7.00 น.	alarm	87
3231363336343533	IN:CREATE_ALARM	แจ้งเตือน 2.00 น.	alarm	87
3231363336333534	IN:CREATE_ALARM	สร้างการแจ้งเตือนสำหรับ 5.00 น.	alarm	87
3231363336323830	IN:CREATE_ALARM	การแจ้งเตือนใหม่เวลา 8.00 น.	alarm	87
3231363336323630	IN:CREATE_ALARM	ตั้งเตือนความจำสำหรับ 12.00 น.	alarm	87
3231363335393633	IN:CREATE_ALARM	ช่วยปลุกฉันตอน 17.00 น. หน่อยนะ	alarm	87
3231363335383834	IN:CREATE_ALARM	ตั้งการแจ้งเตือนสำหรับวันพุธเวลา 16.20 น.	alarm	87
3231363335363331	IN:CREATE_ALARM	ตั้งการแจ้งเตือนวันนี้ให้ฉันหน่อย	alarm	87
3231363335353535	IN:CREATE_ALARM	สร้างการแจ้งเตือนสำหรับวันพฤหัสบดีหน้า เวลา 14.00 น.	alarm	87
3231363335343231	IN:CREATE_ALARM	ช่วยสร้างการแจ้งเตือนวันที่ 18 เวลา 7.00 น. ได้ไหม	alarm	87
3231363335333139	IN:CREATE_ALARM	ช่วยแจ้งเตือนฉันเวลา 01.00 น. ของวันศุกร์ 13 หน่อย	alarm	87
3231363335323139	IN:CREATE_ALARM	แทรกการแจ้งเตือนวันพรุ่งนี้เวลาตี 1 สำหรับรายการที่ 20	alarm	87
3231363335303930	IN:CREATE_ALARM	ตั้งการแจ้งเตือนสำหรับวันที่ 6 กรกฎาคม	alarm	87
3231363335303132	IN:CREATE_ALARM	สร้างการแจ้งเตือนเวลา 15.00 น. สำหรับ 4 สุดสัปดาห์ต่อจากนี้	alarm	87
3231363334393835	IN:CREATE_ALARM	การแจ้งเตือนใหม่ทุกวันศุกร์ 5 โมงเย็น	alarm	87
3231363334383839	IN:CREATE_ALARM	ตั้งการแจ้งเตือนซ้ำสำหรับตอนเที่ยงวันธรรมดา	alarm	87
3231363334383238	IN:CREATE_ALARM	ช่วยตั้งการแจ้งเตือนเวลา 4.30 น. ในวันจันทร์ติดกัน 10 สัปดาห์ให้หน่อย	alarm	87
3231363334373833	IN:CREATE_ALARM	เพิ่มนาฬิกาปลุกทุกคืนตอน 1 ทุ่ม	alarm	87
3231363334353531	IN:CREATE_ALARM	ตั้งการแจ้งเตือนทุกสองสัปดาห์สำหรับวันศุกร์เวลา 10.00 น.	alarm	87
3231363334343834	IN:CREATE_ALARM	ตั้งนาฬิกาปลุกสำหรับทุกวันพุธเวลา 5 โมงเย็น ตั้งชื่อว่า 'สควอช'	alarm	87
3231363334313730	IN:CREATE_ALARM	ตั้งการแจ้งเตือนเพื่อปลุกฉันเวลา 18.00 น. วันพรุ่งนี้	alarm	87
3231363333393739	IN:CREATE_ALARM	ตั้้งการแจ้งเตือน 'ดูผ้าที่ซักไว้' ให้ฉันหน่อย	alarm	87
3231363333393538	IN:CREATE_ALARM	สร้างการแจ้งเตือนเกี่ยวกับการไปทำงาน	alarm	87
3231363333393031	IN:CREATE_ALARM	ตั้งการแจ้งเตือนชื่อ 'ยิม' เวลา 6.00 น.	alarm	87
3231363333383332	IN:CREATE_ALARM	ช่วยทำการแจ้งเตือนเวลาทานข้าวกลางวันเป็น 12.00 น. พรุ่งนี้หน่อย	alarm	87
3231363333373330	IN:CREATE_ALARM	ช่วยสร้างการแจ้งเตือนสำหรับเวลาเข้านอนคืนนี้ได้ไหม	alarm	87
3231363333333136	IN:CREATE_ALARM	ตั้งการแจ้งเตือนให้ฉันสองครั้งสำหรับวันพุธ 9.00 น. และ 10.30 น.	alarm	87
3231363332393736	IN:CREATE_ALARM	สร้างการแจ้งเตือนสำหรับพรุ่งนี้เช้าเวลา 7.00 น. และ 9.00 น.	alarm	87
3231363332383332	IN:CREATE_ALARM	สร้างนาฬิกาปลุกทุกเช้าตอน 8 โมงและ 9 โมง	alarm	87
3231363332353738	IN:CREATE_ALARM	ตื่นตอน 11 โมง และทานยา	alarm	87
3231363038363938	IN:CREATE_ALARM	สร้างการแจ้งเตือนสำหรับ 6 ชั่วโมง 55 นาที	alarm	87
3231363038353033	IN:CREATE_ALARM	ตั้งการแจ้งเตือนสำหรับ 9.50 น.	alarm	87
3231363038333134	IN:CREATE_ALARM	สร้างการแจ้งเตือนสำหรับ 3.10 น.	alarm	87
3231363038333033	IN:CREATE_ALARM	ส่งเสียงการแจ้งเตือนเวลา 850	alarm	87
3231363032303039	IN:CREATE_ALARM	สร้างการแจ้งเตือนสำหรับ 11.00 น.	alarm	87
3231363031393136	IN:CREATE_ALARM	เตือนฉันในวันศุกร์เวลา 13.30 น. ให้จัดการเรื่องภาษีหน่อย	alarm	87
3231363031383937	IN:CREATE_ALARM	คุณช่วยปลุกฉันตอน 7 โมงเช้าได้ไหม	alarm	87
3231363031383532	IN:CREATE_ALARM	สร้างการแจ้งเตือนสำหรับ 15.00 น.	alarm	87
3231363031373636	IN:CREATE_ALARM	กรุณาตั้งนาฬิกาปลุกตอน 7 โมงเช้า	alarm	87
3231363031353536	IN:CREATE_ALARM	ตั้งการแจ้งเตือนสำหรับ 12.00 น. วันอังคารหน้า	alarm	87
3231363030393735	IN:CREATE_ALARM	ทำให้การแจ้งเตือนส่งเสียงทุกวันอังคารเวลา 2.00 น.	alarm	87
3231363030383737	IN:CREATE_ALARM	ช่วยปลุกฉันตอน 7 โมงในอีก 3 วันถัดไปได้ไหม	alarm	87
3231363030333838	IN:CREATE_ALARM	ตั้งนาฬิกาปลุกในเช้าวันศุกร์เพื่อเริ่มทำงานวิจัยของฉัน	alarm	87
3231363030323733	IN:CREATE_ALARM	ตั้งการแจ้งเตือนเวลามื้อเย็นเป็น 19.00 น. ของวันพรุ่งนี้	alarm	87
3231363030323632	IN:CREATE_ALARM	ตั้งการแจ้งเตือนเกี่ยวกับการไปทำงาน	alarm	87
3231363030323332	IN:CREATE_ALARM	ตั้งนาฬิกาปลุกการคุมกำเนิดตอน 3 ทุ่มครึ่ง	alarm	87
3231363030313938	IN:CREATE_ALARM	สร้างนาฬิกาปลุกสำหรับตื่นนอน	alarm	87
3231353939373833	IN:CREATE_ALARM	เปิดการแจ้งเตือนของฉันซ้ำตอน 7.00 น. และ 7.15 น.	alarm	87
3231353939373433	IN:CREATE_ALARM	ตั้งการแจ้งเตือนสำหรับการนัดหมอในวันจันทร์เวลา 8.00 น. และ 8.30 น.	alarm	87
3231353535333732	IN:CREATE_ALARM	ฉันต้องการนาฬิกาปลุกสำหรับวันพรุ่งนี้ตอนเที่ยง	alarm	87
3231353535323130	IN:CREATE_ALARM	กรุณาสร้างนาฬิกาปลุกตอน 3 ทุ่ม	alarm	87
3231353534393835	IN:CREATE_ALARM	ตั้งการแจ้งเตือนเวลา 7.00 น. ตั้งแต่วันจันทร์ถึงวันศุกร์	alarm	87
3231353534393534	IN:CREATE_ALARM	ช่วยตั้งการแจ้งเตือนสำหรับพรุ่งนี้ เวลา 7 โมงให้หน่อย	alarm	87
3231353534373032	IN:CREATE_ALARM	สร้างการแจ้งเตือนใหม่เวลา 21.00 น. วันศุกร์	alarm	87
3231353534363530	IN:CREATE_ALARM	ตั้งการแจ้งเตือนสำหรับวันศุกร์เวลา 5.00 น.	alarm	87
3231353534363030	IN:CREATE_ALARM	ตั้งการแจ้งเตือนใหม่สำหรับวันที่ 15 กรกฎาคม เวลา 6.00 น.	alarm	87
3231353534353838	IN:CREATE_ALARM	ตั้งการแจ้งเตือนสำหรับวันที่ 4 กรกฎาคม	alarm	87
3231353534323736	IN:CREATE_ALARM	สร้างการแจ้งเตือนสำหรับวันที่ 25 พฤษภาคม ตอนเที่ยงวัน	alarm	87
3231353533343937	IN:CREATE_ALARM	เริ่มการแจ้งเตือนรายเดือนสำหรับวันอังคาร เวลา 6.00 น. และ 18.00 น.	alarm	87
3231353533343733	IN:CREATE_ALARM	ตั้งค่าการแจ้งเตือนเป็น 12.00 น. และ 6.00 น.	alarm	87
3231353532333933	IN:CREATE_ALARM	สร้างการแจ้งเตือนสำหรับวันพุธเวลา 6.00 น.	alarm	87
3231353532303636	IN:CREATE_ALARM	เริ่มต้นการแจ้งเตือนสำหรับทุกวันจันทร์เวลา 19.00 น.	alarm	87
3231353531393635	IN:CREATE_ALARM	สร้างนาฬิกาปลุกสำหรับอีก 7 สัปดาห์ข้างหน้าในวันพฤหัสบดี ตอน 6 โมงเย็น	alarm	87
3231353531363537	IN:CREATE_ALARM	ตั้งค่าการแจ้งเตือนทุกวันจันทร์เวลา 10.00 น.	alarm	87
3231353531353732	IN:CREATE_ALARM	ตั้งการแจ้งเตือนเพื่อปลุกฉันเวลา 7.00 น. ตั้งชื่อว่า ทำงาน	alarm	87
3231353531343933	IN:CREATE_ALARM	ตรวจสอบให้แน่ใจว่ามีการแจ้งเตือนสำหรับวันพฤหัสบดีนี้เวลา 6.00 น. แล้ว	alarm	87
3231353438393139	IN:CREATE_ALARM	ตั้งการแจ้งเตือนให้ฉันสำหรับเช้าวันศุกร์	alarm	87
3231353438383835	IN:CREATE_ALARM	ตั้งการแจ้งเตือนสำหรับเย็นนี้	alarm	87
3231353438383831	IN:CREATE_ALARM	ช่วยตั้งการแจ้งเตือนให้ฉันหน่อย	alarm	87
3231353438383138	IN:CREATE_ALARM	สร้างการแจ้งเตือนในตอนเช้า	alarm	87
3231353438363233	IN:CREATE_ALARM	สร้างการแจ้งเตือนให้ฉันสำหรับบ่ายวันนี้	alarm	87
3230303431393037	IN:CREATE_ALARM	ตั้งการแจ้งเตือนเดือนกรกฎาคม	alarm	87
3230303431383730	IN:CREATE_ALARM	ตั้งนาฬิกาปลุกสำหรับ 4 ปี	alarm	87
3136363730333836	IN:CREATE_ALARM	ตั้งการแจ้งเตือนสำหรับ 8.00 น. ในวันอาทิตย์	alarm	87
3136353036333836	IN:CREATE_ALARM	ปลุกเราในอีก 7 ชั่วโมง ไม่เกินนี้	alarm	87
3135333031313132	IN:CREATE_ALARM	ตั้งการแจ้งเตือนสำหรับตอนเช้าวันธรรมดาทุกวันเวลา 6.30 น.	alarm	87
3135323939343330	IN:CREATE_ALARM	ฉันต้องการตั้งการแจ้งเตือนสำหรับ 5 ชั่วโมงต่อจากนี้	alarm	87
3135323938333631	IN:CREATE_ALARM	เปิดเสียงนาฬิกาปลุกในอีก 2 ชั่วโมง	alarm	87
3135323931303031	IN:CREATE_ALARM	ตั้งการแจ้งเตือนเป็น 15 นาที	alarm	87
3135323839343439	IN:CREATE_ALARM	ตั้งนาฬิกาปลุกสำหรับ 9 โมงเช้าวันพรุ่งนี้	alarm	87
39353830353536	IN:CREATE_ALARM	รีเซ็ตนาฬฺาปลุกพรุ่งนี้	alarm	87
39353738393337	IN:CREATE_ALARM	ตั้งการแจ้งเตือนทุก 5 ชั่วโมง	alarm	87
39353738353232	IN:CREATE_ALARM	ตั้งการแจ้งเตือนเวลา 4.30 ของเช้าวันพรุ่งนี้	alarm	87
39353735343030	IN:CREATE_ALARM	ตั้งการแจ้งเตือนสำหรับ 14.30 น. วันพรุ่งนี้	alarm	87
39353735313638	IN:CREATE_ALARM	แจ้งเตือนต่อ	alarm	87
39353730393232	IN:CREATE_ALARM	ตั้งการแจ้งเตือนของฉันเป็นเวลา 30 นาที	alarm	87
39353730323534	IN:CREATE_ALARM	ตั้งนาฬิกาปลุกของฉันตอน 1	alarm	87
39353635313938	IN:CREATE_ALARM	กรุณาตั้งนาฬิกาปลุกตอน 10 โมงเช้า	alarm	87
39353632323039	IN:CREATE_ALARM	แจ้งเตือนฉันที่ 25 วินาที	alarm	87
39353539343433	IN:CREATE_ALARM	ตั้งการแจ้งเตือนสำหรับ 4.00 น.	alarm	87
39353534343832	IN:CREATE_ALARM	ตั้งการแจ้งเตือนให้ปลุกตอน 6 โมง	alarm	87
39353433383238	IN:CREATE_ALARM	ตั้งการแจ้งเตือนเพื่อปลุกฉันในอีกหนึ่งชั่วโมง	alarm	87
39353339353536	IN:CREATE_ALARM	ตั้งการแจ้งเตือนเป็นเวลา 3 นาที	alarm	87
39353331393231	IN:CREATE_ALARM	ตั้งการแจ้งเตือนเวลา 7.00 น. ตอนเช้าวันอังคาร	alarm	87
39353331353439	IN:CREATE_ALARM	คุณช่วยตั้งการแจ้งเตือนสำหรับวันที่ 2 ธันวาคม เวลาตี 4 ได้ไหม	alarm	87
39353238303435	IN:CREATE_ALARM	ตั้งการแจ้งเตือนสำหรับเวลา 7.00 น. ทุกวัน	alarm	87
39353235313639	IN:CREATE_ALARM	ตั้งนาฬิกาปลุกตอน 2 ทุ่มพรุ่งนี้	alarm	87
39353233383234	IN:CREATE_ALARM	ตั้งนาฬิกาปลุกทุก 5 นาทีเป็นระยะเวลา 1 ชั่วโมง	alarm	87
39353233373133	IN:CREATE_ALARM	ตั้งการแจ้งเตือนสำหรับเวลา 8.00 น. ในวันเสาร์	alarm	87
39353233333032	IN:CREATE_ALARM	ตั้งการแจ้งเตือนสำหรับเวลา 16.45 น.	alarm	87
39353233303733	IN:CREATE_ALARM	ตั้งการแจ้งเตือนสำหรับวันจันทร์เป็นเวลา 5.30	alarm	87
39353231343439	IN:CREATE_ALARM	กรุณาตั้งนาฬิกาปลุกสำหรับวันอังคาร 15 สิงหาคนตอน 7 โมงครึ่ง	alarm	87
39353136353133	IN:CREATE_ALARM	กรุณาตั้งนาฬิกาปลุกอีกอัน	alarm	87
39353038323330	IN:CREATE_ALARM	ตั้งการแจ้งเตือนสำหรับวันพุธที่ 15 เวลา 12.00 น.	alarm	87
39353036353335	IN:CREATE_ALARM	นาฬิกาปลุ่มใหม่สำหรับพรุ่งนี้ตอน 10 โมงครึ่งด้วย	alarm	87
39353033353831	IN:CREATE_ALARM	ตั้งนาฬิกาปลุกสำหรับตอน 4 โมงเย็นวันพรุ่งนี้	alarm	87
39353030393436	IN:CREATE_ALARM	ตั้งการออกกำลังกายเป็นเวลา 1 ชั่วโมง พร้อมนาฬิกาปลุกทุกๆ 10 นาที	alarm	87
39343938393731	IN:CREATE_ALARM	ตั้งการแจ้งเตือนสำหรับพรุ่งนี้เช้า 5.00 น.	alarm	87
39343938333939	IN:CREATE_ALARM	ช่วยตั้งการแจ้งเตือนเวลา 6.30 น. ให้ฉันหน่อย	alarm	87
39343935363638	IN:CREATE_ALARM	ตั้งการแจ้งเตือนสำหรับช่วงเที่ยงให้กับฉัน	alarm	87
39343930363838	IN:CREATE_ALARM	แจ้งเตือนเป็นเวลา 5 นาที	alarm	87
39343839303338	IN:CREATE_ALARM	ตั้งนาฬิกาปลุกทุกๆ 5 นาที ในช่วงเวลา 30 นาที	alarm	87
39343836363534	IN:CREATE_ALARM	ตั้งการแจ้งเตือนสำหรับวันพรุ่งนี้เวลา 22.00 น.	alarm	87
39343832363735	IN:CREATE_ALARM	ตั้งการแจ้งเตือนสำหรับทุกๆ วันเสาร์ เวลา 19.00 น.	alarm	87
39343830383635	IN:CREATE_ALARM	ตั้งการแจ้งเตือนหนึ่งชั่วโมงนับจากตอนนี้	alarm	87
39343730333938	IN:CREATE_ALARM	ตั้งการแจ้งเตือนสำหรับ 7.30 น. วันพรุ่งนี้	alarm	87
39343637363934	IN:CREATE_ALARM	ตั้งการแจ้งเตือนทุกวันจันทร์เวลา 7.00 น.	alarm	87
3231363337333339	IN:CREATE_ALARM	ตั้งนาฬิกาปลุกตอนนี้	alarm	87
3231363337303735	IN:CREATE_ALARM	ตั้งการเตือนสำหรับพรุ่งนี้เช้า	alarm	87
3231363335363632	IN:CREATE_ALARM	ตั้งนาฬิกาปลุกใหม่ในวันอังคาร	alarm	87
3231363335353532	IN:CREATE_ALARM	ปิดการปลุกของฉันในวันจันทร์ถึงศุกร์ ตอน 7 โมงเช้า	alarm	87
3231363335333236	IN:CREATE_ALARM	ต้องการให้ตั้งนาฬิกาปลุก วันที่ 4 มิถุนายน ตอน 2 ทุ่ม	alarm	87
3231363335313730	IN:CREATE_ALARM	ตั้งนาฬิกาปลุกตอน 5:10 น. ในวันที่ 23	alarm	87
3231363334393630	IN:CREATE_ALARM	ตั้งนาฬิกาปลุกตอน 4 โมงเย็น ทุกสัปดาห์	alarm	87
3231363334353434	IN:CREATE_ALARM	ตั้งนาฬิกาปลุก 7 โมงเช้า ทุกวันทำการ	alarm	87
3231363334343535	IN:CREATE_ALARM	ตั้งนาฬิกาเตือนสำหรับ นั่งดื่มกับที่ทำงาน ทุกวันศุกร์ ตอน 5 โมงเย็น	alarm	87
3231363333333537	IN:CREATE_ALARM	ตั้งนาฬิกาปลุก สำหรับวันจันทร์ตอนบ่าย 2, วันเสาร์ตอน 9 โมงเช้า และวันอาทิตย์ตอนเที่ยงตรง	alarm	87
3231363333313235	IN:CREATE_ALARM	ส่งเสียงเตือนสำหรับวันอังคารและวันเสาร์ตอนเที่ยงคืน	alarm	87
3231363332393434	IN:CREATE_ALARM	สร้างนาฬิกาปลุกตอน บ่าย 3 โมง และ5 ทุ่ม ทุกๆ วันพฤหัสบดี ในช่วง 8 สัปดาห์ข้างหน้า	alarm	87
3231363038313136	IN:CREATE_ALARM	ตั้งเสียงปลุกตอน 6 โมง 10 นาที	alarm	87
3231363031353631	IN:CREATE_ALARM	สร้างนาฬิกาปลุกสำหรับวันพฤหัสบดีหน้า	alarm	87
3231363030383831	IN:CREATE_ALARM	ต้องมีการเตือนทุกวันจันทร์ตอน 8 โมง	alarm	87
3231363030353436	IN:CREATE_ALARM	สร้างนาฬิกาเตือน 'ไปทำงาน'	alarm	87
3231363030333637	IN:CREATE_ALARM	ตั้งนาฬิกาปลุกให้ฉันตื่น	alarm	87
3231363030333635	IN:CREATE_ALARM	ตั้งนาฬิกาปลุกตอน 8 โมงเช้า ตั้งชื่อว่า 'โทรหาลูซี่'	alarm	87
3231353535323837	IN:CREATE_ALARM	ฉันต้องการตื่นนอน ตอน 8 โมงเช้า	alarm	87
3231353534373734	IN:CREATE_ALARM	ตั้งนาฬิกาปลุกใหม่เป็น 7 โมงเช้า วันอังคาร	alarm	87
3231353533373837	IN:CREATE_ALARM	จัดการนาฬิกาปลุกให้มีเสียงทุกวัน	alarm	87
3231353533373036	IN:CREATE_ALARM	สร้างนาฬิกาปลุก 2 อัน สำหรับพรุ่งนี้เช้า ตอนตี 5 และ 8 โมงเช้า	alarm	87
3231353532313031	IN:CREATE_ALARM	ตั้งนาฬิกาปลุกซ้ำทุกๆ วันศุกร์ ตอน 11 โมงเช้า	alarm	87
3231353531363235	IN:CREATE_ALARM	ตั้งนาฬิกาปลุกทุกวันตอน 10 โมงเช้า เป็นเวลา 6 สัปดาห์	alarm	87
3231353438363533	IN:CREATE_ALARM	ช่วยสร้างการเตือนให้ฉันหน่อย	alarm	87
3138393930333035	IN:GET_EDUCATION_DEGREE	เมแกนได้ปริญญาอะไรจากวิทยาลัย	people	88
3138393832333632	IN:GET_EDUCATION_DEGREE	คุณเรียนจบจาก UNCW ใช่ไหม?	people	88
3138393930373737	IN:GET_EDUCATION_DEGREE	เจฟฟ์เรียนจบปริญญาอะไรที่เคลมสัน	people	88
3138393831323234	IN:GET_EDUCATION_DEGREE	เจนน่าได้ปริญญาอะไรที่ยูซีเอฟ	people	88
3231363735303737	IN:GET_CALL_CONTACT	ใครโทรมาหาฉันเมื่อคืน	calling	90
3231303233393633	IN:GET_CALL_CONTACT	ใครโทรมาเมื่อคืนตอน 4 ทุ่ม	calling	90
3231363734323634	IN:GET_CALL_CONTACT	ใครโทรหาฉันบ้างอาทิตย์นี้	calling	90
3231353436393730	IN:GET_CALL_CONTACT	ใครโทรหาฉันตอนเที่ยง?	calling	90
3231303230343334	IN:GET_CALL_CONTACT	คุณรู้ไหมว่าหมายเลขของใครที่กำลังโทรหาฉัน?	calling	90
39353535313132	IN:RESTART_TIMER	เริ่มตัวจับเวลาอีกครั้ง	timer	91
39353137333838	IN:RESTART_TIMER	รีสตาร์ทตัวจับเวลานี้	timer	91
39353134393937	IN:RESTART_TIMER	รีเซ็ตตัวจับเวลามื้อเย็น	timer	91
39343738393234	IN:RESTART_TIMER	รีสตาร์ทตัวจับเวลาวิ่งออกกำลังกายทันที	timer	91
39343637333238	IN:RESTART_TIMER	รีสตาร์ทตัวจับเวลาสำหรับมื้อเย็น	timer	91
39343637323539	IN:RESTART_TIMER	รีสตาร์ทเวลาของฉัน	timer	91
39353633323336	IN:RESTART_TIMER	รีเซ็ตนาฬิกาจับเวลาทั้งหมด	timer	91
39353236373033	IN:RESTART_TIMER	โปรดเริ่มจับเวลาใหม่	timer	91
3138393933333634	IN:GET_EMPLOYER	Paul ทำงานให้กับ Facebook ใช่ไหม	people	92
3138393933303535	IN:GET_EMPLOYER	พ่อของฉันทำงานที่ไหน	people	92
3138393932373931	IN:GET_EMPLOYER	Andy เคยทำงานให้กับ Comcast ไหม	people	92
3138393932373531	IN:GET_EMPLOYER	Joe ทำงานที่ Olive Garden ใช่ไหม	people	92
3138393932373037	IN:GET_EMPLOYER	คุณรู้มั้ยว่าเพื่อนของฉัน เจอร์รี่ ทำงานที่ไหน	people	92
3138393932343130	IN:GET_EMPLOYER	Mily ยังทำงานอยู่ที่ Amazon หรือไม่	people	92
3138393932303635	IN:GET_EMPLOYER	Matt ทำงานให้ใคร	people	92
3138393931383138	IN:GET_EMPLOYER	Bob ทำงานอยู่กับบริษัทไหน	people	92
3138393931373739	IN:GET_EMPLOYER	ตอนนี้วอลเตอร์ทำธุรกิจส่วนตัวรึเปล่า	people	92
3138393837303238	IN:GET_EMPLOYER	เคธี่ทำงานอยู่ที่ไฮพอยท์รึเปล่า	people	92
3138393834323735	IN:GET_EMPLOYER	ใครทำงานกับจูดี้ที่เกจ เคาท์ตี้	people	92
3138393833353736	IN:GET_EMPLOYER	ใครทำงานกับตัวแทนจำหน่ายของ Toyota ในท้องถิ่น	people	92
3138393933353838	IN:GET_EMPLOYER	ใครคือนายจ้างของเดนิส	people	92
3138393932383736	IN:GET_EMPLOYER	เจสสิก้าทำงานให้ใครอยู่	people	92
3138393931373439	IN:GET_EMPLOYER	ตอนนี้ฟิลทำงานที่ไหน	people	92
3138393932373739	IN:GET_EMPLOYER	วาโลรี่มีนายจ้างไหม	people	92
3138393932363230	IN:GET_EMPLOYER	แพตได้รับการว่าจ้างที่ไหนในตอนนี้	people	92
3138393932343337	IN:GET_EMPLOYER	ลิซาทำงานที่ไหน?	people	92
3138393932343231	IN:GET_EMPLOYER	โรเบิร์ตเคยทำงานให้ HEB ไหม?	people	92
3138393932323632	IN:GET_EMPLOYER	Phillip ทำงานที่ไหน	people	92
3231323339353735	IN:GET_REMINDER	แสดงเตือนความจำทั้งหมดของฉัน	reminder	93
3231323336333135	IN:GET_REMINDER	แสดงเตือนความจำของฉันสำหรับวันนี้หน่อย	reminder	93
3231323336323633	IN:GET_REMINDER	ฉันมีการแจ้งเตือนสำหรับวันศุกร์บ้างมั้ย	reminder	93
3231323335343736	IN:GET_REMINDER	แสดงเตือนความจำของฉัน	reminder	93
3231323334383934	IN:GET_REMINDER	บอกฉันหน่อยว่าเตือนความจำไหนบ้างที่อยู่ในปฏิทินเดือนมิถุนายนของฉัน	reminder	93
3231323334323437	IN:GET_REMINDER	เอาการแจ้งเตือนเกี่ยวกับนิคของฉันมา	reminder	93
3231323334313430	IN:GET_REMINDER	มีการแจ้งเตือนอะไรบ้างเกี่ยวกับสุดสัปดาห์ของสาวๆ	reminder	93
3231323332393934	IN:GET_REMINDER	ขอดูเตือนความจำทั้งหมดสำหรับชั่วโมงถัดไปหน่อย	reminder	93
3231323332383830	IN:GET_REMINDER	สุดสัปดาห์นี้เรามีเตือนความจำเรื่องอะไรบ้าง	reminder	93
3231323332373331	IN:GET_REMINDER	ฉันมีการแจ้งเตือนอะไรบ้างเกี่ยวกับงานเลี้ยงวันเกิดของปีเตอร์สัปดาห์หน้า	reminder	93
3231323331383038	IN:GET_REMINDER	ดูเตือนความจำของฉันทั้งหมดที่เกี่ยวกับการซื้อของชำ	reminder	93
3231323330383031	IN:GET_REMINDER	แสดงเตือนความจำที่ฉันมีสำหรับการประชุมกับที่ทำงานในสัปดาห์หน้า	reminder	93
3231323239393537	IN:GET_REMINDER	เตือนความจำสำหรับวันที่ 21 สิงหาคมมีอะไรบ้าง	reminder	93
3231323239313837	IN:GET_REMINDER	ดูเตือนความจำของฉันทั้งหมดที่การนัดสัตวแพทย์	reminder	93
3231323237393337	IN:GET_REMINDER	มีเตือนความจำสำหรับคอนเสิร์ตปีนี้ไหม	reminder	93
3231323234383935	IN:GET_REMINDER	ขอดูเตือนความจำทั้งหมดเกี่ยวกับการช้อปปิ้งสัปดาห์หน้าของเราหน่อย	reminder	93
3231323234303536	IN:GET_REMINDER	อ่านออกเสียงเตือนความจำเรื่องเบสบอลของฉันสำหรับวันนี้	reminder	93
3231323233373236	IN:GET_REMINDER	ฉันขอดูเตือนความจำเกี่ยวกับงานในสัปดาห์นี้ทั้งหมดหน่อย	reminder	93
3231313530393537	IN:GET_REMINDER	สัปดาห์นี้มีเตือนความจำให้พบกับเจ้าหน้าที่ของโรงเรียนหรือไม่	reminder	93
3231313438333130	IN:GET_REMINDER	ฉันมีการแจ้งเตือนของฉันอะไรในวันจันทร์บ้าง	reminder	93
3231313435393131	IN:GET_REMINDER	มีเตือนความจำสำหรับวันจันทร์หน้าเวลา 15.00 น. ไหม	reminder	93
3231323430353331	IN:GET_REMINDER	วันนี้ฉันมีการแจ้งเตือนอะไรบ้างมั้ย	reminder	93
3231323430333737	IN:GET_REMINDER	วันนี้มีการแจ้งเตือนอะไรบ้าง	reminder	93
3231323339383936	IN:GET_REMINDER	แสดงการแจ้งเตือนของฉันสำหรับสัปดาห์นี้	reminder	93
3231323338323734	IN:GET_REMINDER	ฉันมีการแจ้งเตือนอะไรบ้างสำหรับวันศุกร์	reminder	93
3231323337313538	IN:GET_REMINDER	ลงการแจ้งเตือนของฉันของวัน	reminder	93
3231323335313136	IN:GET_REMINDER	ช่วยเตือนฉันหน่อย ถ้าฉันมีนัดกับหมอวันไหนในสัปดาห์หน้า	reminder	93
3231323333363232	IN:GET_REMINDER	มีการแจ้งเตือนอะไรบ้างในเดือนนี้ สำหรับมาร์คสามีของฉัน	reminder	93
3231323332333035	IN:GET_REMINDER	แสดงการแจ้งเตือนกับจอห์น วันนี้ตอน 5 โมง	reminder	93
3231323330303231	IN:GET_REMINDER	การแจ้งเตือนของฉัน สำหรับวันพรุ่งนี้มีอะไรบ้าง	reminder	93
3231323238313834	IN:GET_REMINDER	แสดงการแจ้งเตือนของฉันทั้งหมด เกี่ยวกับการชำระบิลสำหรับ 2 สัปดาห์ถัดไป	reminder	93
3231313535343130	IN:GET_REMINDER	วันอังคารหน้ามีการตั้งการแจ้งเตือนอะไรบ้างมั้ย	reminder	93
3231323430353536	IN:GET_REMINDER	แสดงคำเตือนสำหรับยาสีฟัน	reminder	93
3231323338373236	IN:GET_REMINDER	การแจ้งเตือนของฉันเช้านี้มีอะไรบ้าง?	reminder	93
3231323336353930	IN:GET_REMINDER	แสดงการแจ้งเตือนของฉันในวันพฤหัส	reminder	93
3231323336333830	IN:GET_REMINDER	ฉันมีการแจ้งเตือนอะไรบ้างในสัปดาห์นี้	reminder	93
3231323336303435	IN:GET_REMINDER	แสดงการแจ้งเตือนทั้งหมดของฉัน	reminder	93
3231323335323135	IN:GET_REMINDER	แสดงการเตือนของวันพรุ่งนี้	reminder	93
3132363137343831	IN:REWIND_MUSIC	ช่วยรีไวนด์หน่อยได้ไหม	music	97
39353230313438	IN:REWIND_MUSIC	รีไวนด์สิบวินาที	music	97
3136343034363137	IN:QUESTION_NEWS	วันขึ้นศาลครั้งต่อไปของ Bill Cosby คือวันไหน	news	98
3136333731353633	IN:QUESTION_NEWS	นายพันแห่งจอห์นสันวิลล์ถูกตัดสินว่ามีความผิดหรือไม่	news	98
3136333731303632	IN:QUESTION_NEWS	อัตราการก่อเหตุฆาตกรรมในชิคาโกเป็นเท่าไร	news	98
3136333338363139	IN:QUESTION_NEWS	ใครชนะการโต้วาทีของพรรครีพับลิกัน	news	98
3136333338343933	IN:QUESTION_NEWS	ตลาดหุ้นปิดไปยังไง	news	98
3135383731343736	IN:QUESTION_NEWS	สตีฟ แบนนอนยังมีชีวิตอยู่มั้ย	news	98
3135333031333435	IN:QUESTION_NEWS	ใครลงสมัครประธานาธิบดีบ้าง	news	98
3135323932303738	IN:QUESTION_NEWS	น้ำยังท่วมที่เนปาลรึเปล่า	news	98
3135323931393934	IN:QUESTION_NEWS	ข่าวล่าสุดของ Anderson Cooper คืออะไร	news	98
3135323839313330	IN:QUESTION_NEWS	การโจมตีเพิร์ลฮาร์เบอร์เกิดขึ้นปีไหน	news	98
3132353930383631	IN:QUESTION_NEWS	ใครชนะการเลือกตั้งในปัจจุบัน	news	98
3132353838343233	IN:QUESTION_NEWS	ใครเสียชีวิตในระหว่างการชุมนุม	news	98
39353831333335	IN:QUESTION_NEWS	เจอเด็กผู้หญิงที่หายตัวในแจ็กสันวิลล์หรือยัง	news	98
39353733323036	IN:QUESTION_NEWS	วันนี้ประธานาธิบดีทรัมป์อยู่ที่ไหน	news	98
39343639393838	IN:QUESTION_NEWS	พื้นที่ไหนน้ำท่วมหนักที่สุดเมื่อวานนี้	news	98
39343639353036	IN:QUESTION_NEWS	นายกเทศมนตรีคนใหม่คือใคร	news	98
39343636383734	IN:QUESTION_NEWS	กฎหมายฉบับไหนจะถูกตรวจสอบในวันนี้	news	98
3135333031333835	IN:QUESTION_NEWS	เกาหลีเหนือข่มขู่ใครหรือไม่ในวันนี้	news	98
39353732303937	IN:QUESTION_NEWS	ปีนี้มีกฎหมายข้อไหนที่ผ่านแล้วบ้าง	news	98
3136343034323631	IN:QUESTION_NEWS	คะแนนความนิยมตอนนี้ของโดนัลด์ ทรัมป์คือเท่าไหร่	news	98
3232343331303039	IN:PAUSE_TIMER	ช่วยปิดเสียงตัวจับเวลาให้หน่อย	timer	99
3232323930323236	IN:PAUSE_TIMER	หยุดนาฬิกาจับเวลาที่ชื่อ เนื้อแกะ	timer	99
3136343035353735	IN:PAUSE_TIMER	หยุดนาฬิกาจับเวลาของฉัน	timer	99
3136343034393339	IN:PAUSE_TIMER	หยุดตัวจับเวลาชั่วคราว	timer	99
3136333731363035	IN:PAUSE_TIMER	จับเวลาการนอนตอนเข้านอน	timer	99
3132353939393731	IN:PAUSE_TIMER	หยุดเวลา	timer	99
39353732353236	IN:PAUSE_TIMER	เปิดตัวจับเวลาค้างไว้	timer	99
39353631363538	IN:PAUSE_TIMER	ยกเลิกตัวจับเวลาถัดไปที่ตั้งให้ส่งเสียง	timer	99
39353631323739	IN:PAUSE_TIMER	กรุณาหยุดจับเวลา	timer	99
39353537393436	IN:PAUSE_TIMER	หยุดเวลาชั่วคราวขณะที่ฉันรับสายนี้	timer	99
39353038343431	IN:PAUSE_TIMER	หยุดตัวจับเวลาตัวแรก	timer	99
39353037353638	IN:PAUSE_TIMER	หยุดตัวจับเวลาให้ฉันชั่วคราว	timer	99
39343735363335	IN:PAUSE_TIMER	หยุดตัวจับเวลาชั่วคราวอีกรอบ	timer	99
39343734383037	IN:PAUSE_TIMER	ขัดจังหวะตัวจับเวลา	timer	99
39353336363130	IN:PAUSE_TIMER	กรุณาหยุดการจับเวลานี้ชั่วคราว	timer	99
3232343333323331	IN:PAUSE_TIMER	ตั้งการจับเวลาเพื่อพักชั่วคราว	timer	99
3231323239323630	IN:UPDATE_REMINDER_TODO	เพิ่มรายการอาหารลดน้ำหนักในเตือนความจำทั้งหมดเกี่ยวกับการไปซื้อของชำ	reminder	101
3231323339343432	IN:UPDATE_REMINDER_TODO	เพิ่มไปโบสถ์ลงในการแจ้งเตือนของฉันสำหรับวันอาทิตย์	reminder	101
3231393232393431	IN:GET_ALARM	แสดงการแจ้งเตือนที่ตั้งไว้ทั้งหมดของฉัน	alarm	102
3231363332313335	IN:GET_ALARM	การแจ้งเตือนที่ตั้งไว้ในขณะนี้คืออะไร	alarm	102
3231363331383230	IN:GET_ALARM	ฉันมีการแจ้งเตือนสำหรับวันพุธไหม	alarm	102
3231363331373834	IN:GET_ALARM	ช่วยแสดงรายการการแจ้งเตือนได้ไหม	alarm	102
3231363331373039	IN:GET_ALARM	การแจ้งเตือนของฉันมีกี่ครั้ง	alarm	102
3231353939313638	IN:GET_ALARM	นาฬิกาปลุกของฉันเมื่อไหร่บ้าง?	alarm	102
3231353530323737	IN:GET_ALARM	แสดงการแจ้งเตือนในวันอังคารของฉันหน่อย	alarm	102
3231353439393839	IN:GET_ALARM	พรุ่งนี้ฉันมีการแจ้งเตือนอะไรบ้าง	alarm	102
3231353439373433	IN:GET_ALARM	แสดงการแจ้งเตือนที่มีอยู่ทั้งหมด	alarm	102
39353130343533	IN:GET_ALARM	แสดงการแจ้งเตือนของฉัน	alarm	102
39353032363531	IN:GET_ALARM	ฉันอยากรู้ว่าฉันตั้งนาฬิกาปลุกอะไรไว้บ้าง	alarm	102
39343736303532	IN:GET_ALARM	การแจ้งเตือนอะไรที่ดังอยู่ตอนนี้	alarm	102
3231353439373531	IN:GET_ALARM	ฉันมีการตั้งแจ้งเตือนอะไรบ้างมั้ย สำหรับคืนนี้	alarm	102
3231353232333332	IN:GET_ALARM	ตั้งปิดนาฬิกาปลุกไว้ตอนไหน	alarm	102
3136353035393331	IN:GET_ALARM	เหลือเวลาเท่าไรในนาฬิกาปลุกของฉัน	alarm	102
39343832313638	IN:GET_ALARM	เหลือเวลาเท่าไหร่ ก่อนนาฬิกาปลุกอันต่อไป	alarm	102
39343831373732	IN:GET_ALARM	เสียงการแจ้งเตือนของฉันจะปิดลงอีกทีเมื่อไหร่	alarm	102
39343638393334	IN:GET_ALARM	ฉันมีเวลาเหลือเท่าไหร่ก่อนที่นาฬิกาปลุกจะดับ	alarm	102
3231363332303831	IN:GET_ALARM	การเตือนครั้งต่อไปของฉันจะเป็นเวลาเท่าไร	alarm	102
3232343331303933	IN:ADD_TIME_TIMER	เพิ่มเวลาของตัวจับเวลานั้นอีก 17 นาที	timer	103
3232333731303832	IN:ADD_TIME_TIMER	ช่วยเพิ่ม 5 นาทีไปยังตัวจับเวลาการออกกำลังกายได้ไหม	timer	103
3232333437373536	IN:ADD_TIME_TIMER	เพิ่มการจับเวลามาส์กหน้าเป็น 5 ชั่วโมง 15 นาที	timer	103
3232313938353831	IN:ADD_TIME_TIMER	เพิ่ม 15 นาทีในการจับเวลา ที่จะปลุกภรรยา	timer	103
3135323938313932	IN:ADD_TIME_TIMER	เพิ่มเวลา 8 นาทีในตัวจับเวลา	timer	103
3135323937313438	IN:ADD_TIME_TIMER	แก้ไขตัวจับเวลาโดยเพิ่มเวลา 15 นาที	timer	103
3135323931313836	IN:ADD_TIME_TIMER	เพิ่ม 30 นาทีในนาฬิกาจับเวลาของฉัน	timer	103
3135323930373135	IN:ADD_TIME_TIMER	เพิ่ม 5 นาที	timer	103
39353831393738	IN:ADD_TIME_TIMER	เพิ่ม 10 วินาทีในนาฬิกาจับเวลา	timer	103
39353631353431	IN:ADD_TIME_TIMER	เพิ่มเวลา 10 นาทีไปยังตัวจับเวลา	timer	103
39343939313330	IN:ADD_TIME_TIMER	คุณช่วยเพิ่มเวลาให้นาฬิกาจับเวลาฉันได้มั้ย	timer	103
39343930323031	IN:ADD_TIME_TIMER	เพิ่มสิบนาทีไปยังตัวจับเวลา	timer	103
3232333437373634	IN:ADD_TIME_TIMER	ช่วยเพิ่ม 24 นาที ในการจับเวลาเพื่อแช่ผ้าซัก	timer	103
3135323930323733	IN:ADD_TIME_TIMER	เพิ่มการจับเวลาของฉัน 5 นาที	timer	103
3232343331313233	IN:ADD_TIME_TIMER	โปรดยืดการจับเวลาออกไปอีก 10 นาที	timer	103
3232333437383531	IN:ADD_TIME_TIMER	เพิ่มตัวจับเวลาสำหรับการวิดพื้น	timer	103
3135323937373635	IN:ADD_TIME_TIMER	ได้โปรดเพิ่มเวลาอีก 10 นาทีในการจับเวลา	timer	103
3135323839393139	IN:ADD_TIME_TIMER	เพิ่ม 3 นาทีในตัวจับเวลาไมโครเวฟ	timer	103
3135323839323330	IN:ADD_TIME_TIMER	เพิ่มการจับเวลาครั้งนี้ไปอีก 5 นาที	timer	103
3232333437383537	IN:GET_TIMER	ตัวจับเวลาการหยุดพักนานแค่ไหน	timer	104
3232333437373339	IN:GET_TIMER	ดูเวลาที่เหลือในตัวจับเวลาสำหรับการออกกำลังกาย	timer	104
3232323930323634	IN:GET_TIMER	แสดงนาฬิกาจับเวลามักกะโรนีของฉัน	timer	104
3136343035353231	IN:GET_TIMER	เวลาที่จับไว้ใกล้จะหมดลงแล้ว	timer	104
3132353731303833	IN:GET_TIMER	ฉันวิ่งมานานเท่าไหร่แล้ว	timer	104
3132353635393639	IN:GET_TIMER	ฉันวิ่งมากี่นาทีแล้ว	timer	104
3132353634383533	IN:GET_TIMER	ฉันเหลือเวลาอีกกี่วินาที	timer	104
39353830393933	IN:GET_TIMER	สถานะตัวจับเวลาของฉันคืออะไร	timer	104
39353638363930	IN:GET_TIMER	ตั้งตัวจับเวลาสำหรับอะไร	timer	104
39353635333937	IN:GET_TIMER	ตัวจับเวลาปัจจุบันเหลือเวลาเท่าไหร่	timer	104
39353530313031	IN:GET_TIMER	ฉันเหลือเวลาอีกกี่วินาทีบนตัวจับเวลา	timer	104
39353332383333	IN:GET_TIMER	มีเวลาเหลือในนาฬิกาจับเวลาของฉันเท่าไหร่	timer	104
39353230363032	IN:GET_TIMER	ตัวจับเวลาทำงานมานานเท่าไรแล้ว	timer	104
39353137343437	IN:GET_TIMER	ตัวจับเวลาจะสิ้นสุดเมื่อไร	timer	104
39353037323732	IN:GET_TIMER	ฉันมีเวลาเหลืออีกกี่นาทีบนนาฬิกาจับเวลาของฉัน	timer	104
39343934333138	IN:GET_TIMER	เหลือเวลาอีกเท่าไหร่บนนาฬิกาจับเวลาที่กำลังทำงานอยู่ตอนนี้	timer	104
39343930363038	IN:GET_TIMER	บอกฉันหน่อยว่าตอนนี้เวลาบนตัวจับเวลาของฉันคือเท่าไหร่	timer	104
39343838303536	IN:GET_TIMER	ตัวจับเวลาจะดังขึ้นเมื่อไร	timer	104
39343739393731	IN:GET_TIMER	นาฬิกาจับเวลามานานเท่าไหร่แล้ว	timer	104
39343735353433	IN:GET_TIMER	แสดงเวลาที่เหลือในตัวจับเวลา	timer	104
39343638353639	IN:GET_TIMER	ฉันตั้งตัวจับเวลาไว้นานเท่าไร	timer	104
39343638333331	IN:GET_TIMER	ตัวจับเวลาของฉันทำงานมานานเท่าไรแล้ว	timer	104
39343635353838	IN:GET_TIMER	ตัวจับเวลาตัวที่สองมีเวลาเหลือเท่าไร	timer	104
3232333636343935	IN:GET_TIMER	เริ่มจับเวลา	timer	104
3139363031303130	IN:GET_TIMER	จำกัดเวลาไว้ที่เท่าไหร่	timer	104
3132363037343437	IN:GET_TIMER	อีกนานแค่ไหนกว่าเวลาของฉันจะหมด	timer	104
39353632383430	IN:GET_TIMER	อีกนานแค่ไหน การจับเวลาของฉันจะสิ้นสุดลง	timer	104
39343732363234	IN:GET_TIMER	ฉันเหลือเวลาเท่าไหร่ ในการจับเวลาอบไก่งวง	timer	104
3232333633363837	IN:GET_TIMER	ขอเวลาที่เหลือบนการจับเวลาซักผ้า	timer	104
3232323930313838	IN:GET_TIMER	แสดงการจับเวลาที่ฉันตั้งชื่อไว้ว่าเฟรนซ์เพรส	timer	104
3136343732373531	IN:GET_TIMER	ฉันวิ่งมานานแค่ไหนแล้ว	timer	104
39353733363138	IN:FAST_FORWARD_MUSIC	ข้ามไปข้างหน้า 2 นาที	music	105
3232323731363738	IN:SET_DEFAULT_PROVIDER_MUSIC	ใช้ Deezer เป็นหลัก	music	106
3232323731363736	IN:SET_DEFAULT_PROVIDER_MUSIC	ช่วยตั้ง Amazon Music เป็นค่าเริ่มต้นของฉันให้หน่อย	music	106
3232323731363733	IN:SET_DEFAULT_PROVIDER_MUSIC	ช่วยใช้ Google Play Music เล่นเพลงให้หน่อย	music	106
3232323731353932	IN:SET_DEFAULT_PROVIDER_MUSIC	สตรีมเพลงผ่าน Google Play Music เท่านั้น	music	106
3232323731323333	IN:SET_DEFAULT_PROVIDER_MUSIC	ควรตั้ง Pandora ให้เป็นแอพเพลงเริ่มต้นของฉัน	music	106
3232323731313938	IN:SET_DEFAULT_PROVIDER_MUSIC	มาตั้งค่าแอพเพลงเริ่มต้นของฉันกันเถอะ	music	106
3232323731313538	IN:SET_DEFAULT_PROVIDER_MUSIC	เปลี่ยนค่าเริ่มต้นผู้ให้บริการเพลง	music	106
3232323731373030	IN:SET_DEFAULT_PROVIDER_MUSIC	ใช้เฉพาะ google play สำหรับเล่นเพลง	music	106
3232323731363535	IN:SET_DEFAULT_PROVIDER_MUSIC	ใช้ Apple Music เป็นแอปเปิดเพลงของฉัน	music	106
3232323731353637	IN:SET_DEFAULT_PROVIDER_MUSIC	ฉันอยากใช้ amazon เท่านั้น	music	106
3232323731353133	IN:SET_DEFAULT_PROVIDER_MUSIC	ใช้แอปเปิลเป็นแอปเพลงเดียวของฉัน	music	106
3138393734333335	IN:GET_MUTUAL_FRIENDS	Tom กับฉันมีใครเป็นเพื่อนร่วมกันบ้าง	people	107
3138393735333134	IN:GET_MUTUAL_FRIENDS	แสดงเพื่อนของฉันที่เป็นเพื่อนกับเคลลี่ด้วย	people	107
3138393735333838	IN:GET_MUTUAL_FRIENDS	เพื่อนร่วมกันของแมตต์และเทเรซา	people	107
3232353139323338	IN:GET_AVAILABILITY	Osvaldo ออนไลน์อยู่ไหม	calling	110
3231363735353032	IN:GET_AVAILABILITY	แสดงสถานะออนไลน์ของ Kevin ให้ฉันหน่อย	calling	110
3231363735323234	IN:GET_AVAILABILITY	ดูว่า Susan ออนไลน์อยู่ไหม	calling	110
3231353437333034	IN:GET_AVAILABILITY	มีใครในรายชื่อผู้ติดต่อของฉันออนไลน์อยู่บ้าง	calling	110
3231333534313334	IN:GET_AVAILABILITY	เพื่อนสนิทของฉันออนไลน์อยู่ไหม	calling	110
3231333534303838	IN:GET_AVAILABILITY	Susie ออนไลน์อยู่หรือเปล่า	calling	110
3231333533323539	IN:GET_AVAILABILITY	มีเพื่อนของฉันออนไลน์ไหม	calling	110
3231333533313431	IN:GET_AVAILABILITY	บอกฉันหน่อยว่ามีใครที่ฉันรู้จักออนไลน์อยู่บ้าง	calling	110
3231333533313037	IN:GET_AVAILABILITY	บอกฉันหน่อยว่าใครออนไลน์อยู่บ้าง	calling	110
3231333533303137	IN:GET_AVAILABILITY	มีใครออนไลน์ตอนนี้มั้ย	calling	110
3231333532393632	IN:GET_AVAILABILITY	เทอร์รี่ออนไลน์อยู่มั้ย	calling	110
3231333532393338	IN:GET_AVAILABILITY	ในบรรดาครอบครัวของฉัน มีใครกำลังออนไลน์อยู่บ้าง	calling	110
3231333532373931	IN:GET_AVAILABILITY	บอกฉันหน่อยว่ามีใครบ้างที่ฉันรู้จักที่อาจจะออนไลน์อยู่	calling	110
3231333532373332	IN:GET_AVAILABILITY	บอกฉันทีว่าใครออนไลน์อยู่	calling	110
3231333532363534	IN:GET_AVAILABILITY	มีเพื่อนของฉันออนไลน์ตอนนี้มั้ย	calling	110
3231333532343336	IN:GET_AVAILABILITY	ดูว่ามีใครว่างบ้าง	calling	110
3231333532343131	IN:GET_AVAILABILITY	มีสมาชิกครอบครัวของฉันออนไลน์อยู่หรือไม่	calling	110
3231333532303637	IN:GET_AVAILABILITY	เพื่อนของฉันออนไลน์บ้างไหม	calling	110
3231333532303535	IN:GET_AVAILABILITY	มีใครที่ฉันรู้จักในเซาธ์แคโรไลนากำลังออนไลน์อยู่ไหม	calling	110
3231333532303131	IN:GET_AVAILABILITY	มีใครจากนิวเจอร์ซีย์ที่ออนไลน์อยู่ไหม	calling	110
3231333531393931	IN:GET_AVAILABILITY	ส่งรายชื่อเพื่อนที่กำลังออนไลน์ตอนนี้ให้ฉัน	calling	110
3231333531313435	IN:GET_AVAILABILITY	ใครว่างอยู่	calling	110
3231333439343937	IN:GET_AVAILABILITY	ใครอยู่ตรงนั้นน่ะ	calling	110
3231333438393331	IN:GET_AVAILABILITY	ช่วยแสดงผู้ติดต่อที่ว่างให้หน่อย	calling	110
3231333438303138	IN:GET_AVAILABILITY	ใครในรายชื่อของฉันที่กำลังว่าง	calling	110
3231333436363430	IN:GET_AVAILABILITY	ใครที่ไม่ยุ่งบ้าง	calling	110
3231333436353831	IN:GET_AVAILABILITY	ใครว่างคุยบ้าง	calling	110
3231333435373133	IN:GET_AVAILABILITY	มีใครว่างคุยตอนนี้บ้าง	calling	110
3231353437373531	IN:GET_AVAILABILITY	แม่ของฉันว่างอยู่มั้ยตอนนี้	calling	110
3231333533393832	IN:GET_AVAILABILITY	มีคนที่ฉันรู้จักออนไลน์อยู่บ้างมั้ย	calling	110
3231333533343235	IN:GET_AVAILABILITY	บอกฉันหน่อยว่าใครออนไลน์อยู่บ้างตอนนี้	calling	110
3231333533323732	IN:GET_AVAILABILITY	บอกฉันได้มั้ยว่า ใครออนไลน์อยู่บ้าง	calling	110
3231333532393134	IN:GET_AVAILABILITY	บอกฉันหน่อยว่าใครออนไลน์อยู่บ้างตอนนี้	calling	110
3231333532303931	IN:GET_AVAILABILITY	บอกฉันหน่อยว่า คนรู้จักของฉันคนไหนออนไลน์อยู่บ้าง	calling	110
3231333438373232	IN:GET_AVAILABILITY	รายการทั้งหมดที่มีอยู่	calling	110
3231333438303132	IN:GET_AVAILABILITY	ใครว่างอยู่บ้างตอนนี้	calling	110
3231333433383030	IN:GET_AVAILABILITY	แสดงให้ฉันดูหน่อยว่าใครพร้อมบ้าง	calling	110
3231313235333736	IN:STOP_MUSIC	ฉันอยากให้หยุด Spotify ตอนนี้	music	111
3231313235333631	IN:STOP_MUSIC	ฉันอยากหยุดเล่น Spotify	music	111
39343832373535	IN:STOP_MUSIC	หยุดเล่นเพลย์ลิสต์	music	111
3137303533333239	IN:STOP_MUSIC	ปิดเพลง	music	111
39353133383131	IN:STOP_MUSIC	หยุดเล่นเพลงนี้	music	111
3232353834303230	IN:SEND_MESSAGE	ส่งข้อความสุขสันต์วันปีใหม่ให้ Steve และ Steve	messaging	112
3232353834303038	IN:SEND_MESSAGE	ช่วยส่งข้อความไปยังเธรดยูเอฟโอได้ไหม	messaging	112
3232353833383038	IN:SEND_MESSAGE	ช่วยส่งข้อความหา Tad และ James ได้ไหม	messaging	112
3232353833373833	IN:SEND_MESSAGE	ส่งข้อความสุขสันต์วันปีใหม่ให้ Kelly และ Tony	messaging	112
3232353833363232	IN:SEND_MESSAGE	ส่งข้อความหาพ่อแม่ของฉัน	messaging	112
3232353833353935	IN:SEND_MESSAGE	ส่งข้อความหาพี่น้องของฉัน	messaging	112
3232353833353731	IN:SEND_MESSAGE	ฉันต้องการส่งข้อความไปที่แชทของเพื่อนนักถ่ายภาพ	messaging	112
3232353833313934	IN:SEND_MESSAGE	ส่งข้อความหา Mini Mouse, Kari และ Sparks บอกประมาณว่าฉันกำลังไป	messaging	112
3232353833313139	IN:SEND_MESSAGE	ช่วยส่งข้อความหา Jeanne กับ Leo ได้ไหม	messaging	112
3232353833303938	IN:SEND_MESSAGE	ส่งข้อความว่าฉันกำลังไป ให้กับโทนี่และแอนนา	messaging	112
3232353833303533	IN:SEND_MESSAGE	ฉันอยากส่งวิดีโอนั้นให้กลุ่มเพื่อนร่วมทีมวอลเลย์บอลทางข้อความ	messaging	112
3232353832393037	IN:SEND_MESSAGE	ฉันอยากให้ช่วยส่งข้อความหา Steve	messaging	112
3232353832383635	IN:SEND_MESSAGE	ส่งข้อความอวยพรวันเกิดให้ Zachary Fletcher และ Sarah	messaging	112
3232353832383232	IN:SEND_MESSAGE	ช่วยส่งวิดีโอนั้นไปยังเธรด xyz หน่อย	messaging	112
3232353832373730	IN:SEND_MESSAGE	ฉันต้องการส่งวิดีโอนั้นให้ Terry, Jacqueline และ Mark ทางข้อความ	messaging	112
3232353832373234	IN:SEND_MESSAGE	ช่วยส่งข้อความไปยังกลุ่ม Cristin Bachelorette ได้ไหม	messaging	112
3232353832363235	IN:SEND_MESSAGE	ฉันอยากให้ช่วยส่งข้อความวิดีโอให้ Isaac Ruben	messaging	112
3232353832353438	IN:SEND_MESSAGE	ส่งข้อความหา Walter, Paul และ Susan บอกประมาณว่าไว้คุยกันใหม่	messaging	112
3232353734383733	IN:SEND_MESSAGE	ตอบกลับ ฉันต้องการส่งข้อความวิดีโอหา Julia Peterson ผ่าน WhatsApp	messaging	112
3232353734363834	IN:SEND_MESSAGE	ช่วยส่งไปหา Stephen บน Facebook หน่อยว่าคุณว่างไหม	messaging	112
3232353734343934	IN:SEND_MESSAGE	ช่วยส่งข้อความวิดีโอให้ Darren ทาง Messenger ได้ไหม	messaging	112
3232353734343638	IN:SEND_MESSAGE	ตอบกลับด้วยข้อความวิดีโอของ Facebook	messaging	112
3232313734353731	IN:SEND_MESSAGE	ฉันอยากจะทิ้งบันทึกวิดีโอไว้ให้ Eric	messaging	112
3232313731343030	IN:SEND_MESSAGE	บันทึกข้อความวิดีโอสำหรับ Edwin	messaging	112
3232313731333937	IN:SEND_MESSAGE	ช่วยบันทึกข้อความวิดีโอนี้ให้ Milo หน่อย	messaging	112
3232313731323935	IN:SEND_MESSAGE	บันทึกข้อความวิดีโอสำหรับลูกสาว	messaging	112
3232313731303531	IN:SEND_MESSAGE	มาอัดข้อความวิดีโอสำหรับวันเกิดของฟินน์กันเถอะ	messaging	112
3232313730393739	IN:SEND_MESSAGE	บันทึกข้อความวิดีโอให้ Ellie	messaging	112
3232313730393333	IN:SEND_MESSAGE	ช่วยเริ่มบันทึกข้อความวิดีโอสำหรับ Charlene Gabbin ให้หน่อย	messaging	112
3231373236373231	IN:SEND_MESSAGE	ส่งให้ Lia Gitelman	messaging	112
3231373234313739	IN:SEND_MESSAGE	ส่งรูปของฉัน	messaging	112
3231373234313131	IN:SEND_MESSAGE	ฉันอยากให้คุณบันทึกข้อความวิดีโอสำหรับเอมี่ เพราะเธอไม่ว่างในตอนนี้	messaging	112
3231373234303130	IN:SEND_MESSAGE	ส่งข้อความวิดีโอถึง Scarlett	messaging	112
3231373233393939	IN:SEND_MESSAGE	ส่งข้อความวิดีโอ	messaging	112
3231373233393633	IN:SEND_MESSAGE	ตอบ Catherine ด้วยข้อความวิดีโอ	messaging	112
3231373233383438	IN:SEND_MESSAGE	ฉันอยากให้คุณส่งวิดีโอมา	messaging	112
3231373233383330	IN:SEND_MESSAGE	ส่งวิดีโอไปให้ชาร์ลส์ ไพรซ์ คุก	messaging	112
3231373233363838	IN:SEND_MESSAGE	ช่วยส่งข้อความวิดีโอถึง Anna Moore Mendoza หน่อยได้ไหม	messaging	112
3231373233363731	IN:SEND_MESSAGE	ส่งข้อความวิดีโอถึง Isabelle	messaging	112
3231373233363536	IN:SEND_MESSAGE	ส่งข้อความวิดีโอให้เฮยส์	messaging	112
3231373233353933	IN:SEND_MESSAGE	ส่งข้อความวิดีโอถึง Michaela	messaging	112
3231373233333638	IN:SEND_MESSAGE	ตอบกลับลีโอนาร์โดด้วยข้อความวิดีโอ	messaging	112
3231373233323736	IN:SEND_MESSAGE	ฉันอยากส่งข้อความวิดีโอให้เฮย์เดน	messaging	112
3231373233323238	IN:SEND_MESSAGE	ใช่ ส่งวิดีโอนี้ให้ Jimbob	messaging	112
3231373233323131	IN:SEND_MESSAGE	ช่วยส่งข้อความวิดีโอให้พ่อของฉันได้ไหม	messaging	112
3231373233313631	IN:SEND_MESSAGE	ส่งข้อความวิดีโอให้เพื่อนๆ ของฉัน	messaging	112
3231373233313435	IN:SEND_MESSAGE	ฉันอยากส่งข้อความวิดีโอให้ Talon ลูกชายของฉันด้วย	messaging	112
3231373233303234	IN:SEND_MESSAGE	ช่วยสร้างข้อความวิดีโอของฉันแล้วส่งให้ Justin หน่อย	messaging	112
3231373232393436	IN:SEND_MESSAGE	ข้อความวิดีโอล่าสุดที่ฉันสร้างต้องส่งไปให้ Joe	messaging	112
3231373232393237	IN:SEND_MESSAGE	ฉันต้องการเริ่มข้อความวิดีโอใหม่สำหรับแม่ของฉัน	messaging	112
3231363039363632	IN:SEND_MESSAGE	ฉันอยากส่งข้อความหาจูเลียนนา และบอกเธอว่าฉันตื่นแล้ว และพร้อมช่วย	messaging	112
3231363039363138	IN:SEND_MESSAGE	ส่งข้อความดาไดอาน่าว่า เขากำลังเผชิญกับผลของการกระทำแย่ๆ ในอดีตของเขา	messaging	112
3231363039343933	IN:SEND_MESSAGE	ส่งข้อความหา Dylan ว่า ได้เลย จัดไป	messaging	112
3231363039343232	IN:SEND_MESSAGE	ฉันอยากส่งข้อความหา Chance แล้วบอกว่า หวัดดี วันนี้นายทำอะไร	messaging	112
3231343031313830	IN:SEND_MESSAGE	ข้อความสำหรับครอบครัวของฉันคือ พิธีรับปริญญาของฉันเริ่มเวลา 15.00 น. แต่ช่วยมาถึงเร็วกว่านั้นครึ่งชั่วโมง ขอบคุณ	messaging	112
3231333938303435	IN:SEND_MESSAGE	ส่งข้อความไปถาม Paul ว่าเขาตั้งใจจะไปร่วมทานมื้อเย็นศิษย์เก่า CK ของปีนี้ไหม	messaging	112
3231333937393336	IN:SEND_MESSAGE	ส่งข้อความหา Jen เพื่อถามเธอว่ายังอยากไปคอนเสิร์ต Garth Brooks อยู่หรือไม่	messaging	112
3231333936373632	IN:SEND_MESSAGE	ส่งข้อความหา Hal ว่าฉันจะไปสาย ให้เรานัดกันใหม่ดีไหม	messaging	112
3231333935373439	IN:SEND_MESSAGE	ส่งข้อความถาม Jackie หน่อยว่าพวกเขาจะกลับมาจากทริปเม็กซิโกเมื่อไหร่	messaging	112
3231333933343237	IN:SEND_MESSAGE	ส่งข้อความหาเอริคและถามเขาว่าเขาจะไปคาทาลิสต์ ยิมเมื่อไหร่	messaging	112
3231333933303338	IN:SEND_MESSAGE	ขอโทษนะ ฉันขอทวนอีกครั้ง ถาม Rebecca ว่าเธอเป็นยังไง	messaging	112
3231323932373832	IN:SEND_MESSAGE	ส่งข้อความหา Chrissy เพื่อบอกเธอว่าเราไม่สามารถไปร่วมงานปาร์ตี้ฉลองครบรอบของเธอในวันที่ 20 นี้ได้ บอกไปว่าเราเสียใจ	messaging	112
3231323931333937	IN:SEND_MESSAGE	ช่วยส่งข้อความถึง Julie เพื่อถามเธอว่างานเทศกาลสุดสัปดาห์นี้จัดที่ไหน	messaging	112
3231323931333834	IN:SEND_MESSAGE	ส่งข้อความหา Sue บอกเธอว่าฉันใกล้ถึงแล้ว	messaging	112
3231323931303739	IN:SEND_MESSAGE	บอกไมค์ว่า การแข่งขันฟุตบอลถูกเลื่อนออกไป	messaging	112
3231323930393638	IN:SEND_MESSAGE	บอกแคลลีส์ว่า สะพานกำลังปิดปรับปรุงและเธอไม่สามารถผ่านได้	messaging	112
3231323930333131	IN:SEND_MESSAGE	ส่งข้อความหาลิซ่าและบอกเธอให้หลีกเลี่ยง I-50 มันมีอุบัติเหตุเกิดขึ้น	messaging	112
3231323930313830	IN:SEND_MESSAGE	ส่งข้อความหาหลานชายของฉัน เพื่อให้เขาบอกแม่ของฉันเกี่ยวกับสภาพอากาศที่โทรอนโตพรุ่งนี้	messaging	112
3231323839303434	IN:SEND_MESSAGE	ส่งอีเมลถึงเพื่อนของฉัน	messaging	112
3231323838383534	IN:SEND_MESSAGE	ส่งข้อความหาพี่สาวของฉัน เบรนด้า ว่าฉันจะถึงบ้านตอน 4 ทุ่มคืนนี้	messaging	112
3231323838363134	IN:SEND_MESSAGE	ส่งข้อความหาแม่บอกว่ารถติดมาก	messaging	112
3231323837323935	IN:SEND_MESSAGE	ส่งข้อความหา Gina เพื่อยืนยันเรื่องการเดินทางไปท่องเที่ยวหุบเขาในโคโลราโด	messaging	112
3231323837313637	IN:SEND_MESSAGE	ส่งข้อความหาเดนิสว่า ย้ายไปห้องสมุดโอเคซี วิลเลจกันเถอะ	messaging	112
3231323837313332	IN:SEND_MESSAGE	ส่งข้อความหา Ashley บอกเธอว่าฉันใส่เดรสไซส์ 8	messaging	112
3231323837303431	IN:SEND_MESSAGE	ส่งข้อความไปหา Sean แล้วถามเขาว่าปาร์ตี้ในคืนพรุ่งนี้จัดที่ไหนได้ไหม	messaging	112
3231323836393132	IN:SEND_MESSAGE	ส่งข้อความส่วนตัวให้สามีของฉันหน่อยว่าฉันจะไปคอนเสิร์ตที่สวนสาธารณะที่ออเรนจ์เครสต์ถึงประมาณ 20.30 น.	messaging	112
3231323835303638	IN:SEND_MESSAGE	ส่งข้อความหา Mark เพื่อตอบกลับว่าตกลงไปงานปาร์ตี้รับปริญญาของเขาในวันเสาร์นี้ 2 คน	messaging	112
3231323834373634	IN:SEND_MESSAGE	ส่งข้อความให้ Debbie พี่สาวของฉันว่าตั๋ว Yankee จะวางขายสัปดาห์นี้	messaging	112
3231323834333631	IN:SEND_MESSAGE	ส่งข้อความหา Darrell ว่าฉันจะไปพบเขาที่ 5K ใกล้กับสวน	messaging	112
3231323833393738	IN:SEND_MESSAGE	ส่งข้อความถึง Donald เพื่อดูว่าเขาจะไปที่ร้าน Pond ในเมืองบราวน์สทาวน์ รัฐมิชิแกนเพื่อซื้อปลามาเพิ่มในตู้เมื่อไร	messaging	112
3231323833363735	IN:SEND_MESSAGE	ส่งข้อความหาพี่สาวของฉันว่า ฉันบินวันที่ 24 กรกฏาคมตอน 2 ทุ่ม	messaging	112
3231323833343237	IN:SEND_MESSAGE	บอก Jax ว่าเราจะยังทำอาหารกันที่บ้านแม่ของฉันในวันศุกร์	messaging	112
3231323832393437	IN:SEND_MESSAGE	ส่งข้อความหา Bob และ Diana ว่าฉันจะนำไวน์ไปด้วย	messaging	112
3231323832393330	IN:SEND_MESSAGE	ส่งข้อความหา Thompson บอกเขาว่าฉันไปหาเขาได้ตอน 17.00 น.	messaging	112
3231323832373534	IN:SEND_MESSAGE	ถามป้าของฉันหน่อยว่าฟาร์มสตรอเบอรี่เปิดวันไหน	messaging	112
3231323832343837	IN:SEND_MESSAGE	ส่งข้อความหารอนนี่ว่าฉันจะไปสายหน่อย สุขสันต์วันเกิดนะ	messaging	112
3231323832343737	IN:SEND_MESSAGE	ถาม Lyndsie ทางข้อความว่าทำไมเธอถึงช้า	messaging	112
3231323831383036	IN:SEND_MESSAGE	ส่งข้อความหา Tobey ถามว่าเขาเก็บกระเป๋าเงินของฉันไว้หรือไม่	messaging	112
3231323831353535	IN:SEND_MESSAGE	ส่งข้อความอวยพรวันเกิดให้ Jaclyn	messaging	112
3231323831343236	IN:SEND_MESSAGE	ส่งข้อความหา Ryan บอกเขาว่าเจอกันที่บ้าน Sam	messaging	112
3231323831303532	IN:SEND_MESSAGE	ส่งข้อความหา Jason ว่า ใช่ ขอบคุณ	messaging	112
3231323830363031	IN:SEND_MESSAGE	เฮ้ บอท! ส่งข้อความหาซาจิว่า ฉันชอบรูปสวนของเธอ	messaging	112
3231323830353831	IN:SEND_MESSAGE	ส่งข้อความหาดาร์ลีนและถามว่าเธอช่วยเลี้ยงลูกคืนนี้ได้มั้ย	messaging	112
3231323830353736	IN:SEND_MESSAGE	ส่งข้อความถาม Ian ว่าเขาล็อคประตูหรือไม่	messaging	112
3231323739313530	IN:SEND_MESSAGE	ส่งรูปภาพให้ Lynn	messaging	112
3231323738333534	IN:SEND_MESSAGE	ส่งข้อความหา GrayCee บอกเธอว่า Mack ก็จะมาด้วย	messaging	112
3231323738313039	IN:SEND_MESSAGE	บอก Joy ว่าฉันจะไม่ไปปาร์ตี้ของเธอวันนี้	messaging	112
3231323737343037	IN:SEND_MESSAGE	ถามกลุ่มนั้นหน่อยว่ามีฉันอยู่ด้วยไหม	messaging	112
3231323737323733	IN:SEND_MESSAGE	บอกเบคกี้ว่าฉันไม่มีเวลาสำหรับอาหารกลางวันวันนี้	messaging	112
3231323737323139	IN:SEND_MESSAGE	ส่งข้อความหาแม่ว่าฉันจะไปถึงในหนึ่งชั่วโมง	messaging	112
3231323736383836	IN:SEND_MESSAGE	ส่งข้อความหาคุณ Davis ว่า Joey จะไปสาย	messaging	112
3231323736363637	IN:SEND_MESSAGE	ส่งข้อความหา Vi บอกเธอว่าเรากำลังจะออกไปเร็วๆ นี้	messaging	112
3231323736343133	IN:SEND_MESSAGE	ส่งข้อความหา Ben แล้วถามว่าเขาเห็นกระเป๋าเงินของฉันไหม	messaging	112
3231323735383435	IN:SEND_MESSAGE	บอก Joshua ว่าสุขสันต์วันเกิด	messaging	112
3231323735333430	IN:SEND_MESSAGE	ส่งข้อความหา Andy ถามว่าเขาดีขึ้นหรือยัง	messaging	112
3232353832383439	IN:SEND_MESSAGE	ส่งข้อความหามินิ เม้าส์ และเอเวอร์เรตต์ว่า สุขสันต์วันปีใหม่	messaging	112
3232353735323633	IN:SEND_MESSAGE	ตอบกลับด้วยข้อความ Messenger	messaging	112
3232353735303639	IN:SEND_MESSAGE	ส่งข้อความ Facebook นั้น	messaging	112
3232353734383539	IN:SEND_MESSAGE	คุณช่วยส่งข้อความหา Joe บน Facebook ได้มั้ยว่า ฉันกำลังไป	messaging	112
3232353734373239	IN:SEND_MESSAGE	ส่งข้อความหาเหลียง ทาง WhatsApp หน่อย	messaging	112
3232353734353537	IN:SEND_MESSAGE	ส่งข้อความหาจอห์น ใน WhatsApp ว่า ไว้คุยกันทีหลัง	messaging	112
3232313731323434	IN:SEND_MESSAGE	มาบันทึกข้อความวิดีโอสำหรับวันเกิดเฮเลนกัน	messaging	112
3232313731303135	IN:SEND_MESSAGE	คุณช่วยบันทึกข้อความวิดีโอสำหรับ Heerdt Albertina ได้มั้ย	messaging	112
3231373236373430	IN:SEND_MESSAGE	ส่งไปที่เมลิซซา ปีเตอร์ ฮิกกิ้นส์	messaging	112
3231373236373134	IN:SEND_MESSAGE	ส่งไปที่ไรอัน เบนเนทท์ วัตสัน	messaging	112
3231373234303931	IN:SEND_MESSAGE	ออกจากการบันทึกวิดีโอตอนนี้	messaging	112
3231373233343131	IN:SEND_MESSAGE	ส่งข้อความวิดีโอไปให้เลลานี	messaging	112
3231323930313130	IN:SEND_MESSAGE	ส่งข้อความหาคาลอส ว่าลมแรงบนสะพานทางไปเจอร์ซีย์นั้นอันตราย พยายามอยู่ในระดับที่ต่ำกว่า	messaging	112
3231323839313036	IN:SEND_MESSAGE	บอกเจฟให้ทราบว่า แอ็มแทร็ก จะล่าช้ากว่าปกติ	messaging	112
3231323838373034	IN:SEND_MESSAGE	ร้าน โซนิค ไดรฟ์อิน ที่ใกล้ที่สุด ห่างไป 3 ไมล์จากที่ของฉัน ฉันอยากให้คุณบอกไปยังโรเบิร์ต	messaging	112
3231323837303432	IN:SEND_MESSAGE	ส่งข้อความถึงรอน และบอกว่าฉันจะออกไปข้างนอกในอีก 5 นาที	messaging	112
3231323836393536	IN:SEND_MESSAGE	ส่งข้อความหาเทรนต์ และถามว่าทุกอย่างสมควรจะเริ่มตอนไหน	messaging	112
3231323836343830	IN:SEND_MESSAGE	ส่งข้อความหารูธถามว่า เธอมีแผนสำหรับวันที่ 4 กรกฎาคม บ้างรึเปล่า	messaging	112
3231323832353133	IN:SEND_MESSAGE	ฉันต้องการส่งข้อความถึงคาร์ลี และถามว่าเธอได้ รูป gif ลูกแมวรึยัง	messaging	112
